W E1
0 0
32.0513 -20792.3
64.1026 -6876.71
96.1538 -4150.1
128.205 -3054.03
160.256 -2429.71
192.308 -2001.44
224.359 -1678.53
256.41 -1423.3
288.462 -1216.52
320.513 -1046.58
352.564 -905.533
384.615 -787.545
416.667 -688.166
448.718 -603.925
480.769 -532.08
512.821 -470.447
544.872 -417.278
576.923 -371.164
608.974 -330.962
641.026 -295.744
673.077 -264.748
705.128 -237.347
737.179 -213.024
769.231 -191.346
801.282 -171.954
833.333 -154.545
865.385 -138.864
897.436 -124.694
929.487 -111.851
961.538 -100.178
993.59 -89.5379
1025.64 -79.8156
1057.69 -70.9097
1089.74 -62.7328
1121.79 -55.2084
1153.85 -48.2698
1185.9 -41.8586
1217.95 -35.9231
1250 -30.418
1282.05 -25.3031
1314.1 -20.5427
1346.15 -16.1052
1378.21 -11.9622
1410.26 -8.08856
1442.31 -4.4615
1474.36 -1.06075
1506.41 2.13199
1538.46 5.13324
1570.51 7.95788
1602.56 10.6194
1634.62 13.1301
1666.67 15.501
1698.72 17.7423
1730.77 19.8632
1762.82 21.8721
1794.87 23.7767
1826.92 25.5842
1858.97 27.3008
1891.03 28.9327
1923.08 30.4852
1955.13 31.9634
1987.18 33.372
2019.23 34.7152
2051.28 35.997
2083.33 37.2211
2115.38 38.3909
2147.44 39.5095
2179.49 40.5798
2211.54 41.6046
2243.59 42.5865
2275.64 43.5277
2307.69 44.4305
2339.74 45.297
2371.79 46.129
2403.85 46.9284
2435.9 47.6968
2467.95 48.4358
2500 49.1469
2532.05 49.8315
2564.1 50.4909
2596.15 51.1262
2628.21 51.7387
2660.26 52.3294
2692.31 52.8993
2724.36 53.4495
2756.41 53.9807
2788.46 54.4939
2820.51 54.9899
2852.56 55.4694
2884.62 55.9331
2916.67 56.3818
2948.72 56.816
2980.77 57.2364
3012.82 57.6436
3044.87 58.0381
3076.92 58.4204
3108.97 58.791
3141.03 59.1505
3173.08 59.4991
3205.13 59.8375
3237.18 60.1659
3269.23 60.4848
3301.28 60.7944
3333.33 61.0953
3365.38 61.3876
3397.44 61.6718
3429.49 61.9481
3461.54 62.2168
3493.59 62.4782
3525.64 62.7325
3557.69 62.98
3589.74 63.221
3621.79 63.4556
3653.85 63.6841
3685.9 63.9067
3717.95 64.1236
3750 64.335
3782.05 64.5411
3814.1 64.742
3846.15 64.938
3878.21 65.1291
3910.26 65.3156
3942.31 65.4975
3974.36 65.6751
4006.41 65.8485
4038.46 66.0178
4070.51 66.1831
4102.56 66.3446
4134.62 66.5023
4166.67 66.6565
4198.72 66.8071
4230.77 66.9543
4262.82 67.0983
4294.87 67.239
4326.92 67.3767
4358.97 67.5113
4391.03 67.643
4423.08 67.7719
4455.13 67.898
4487.18 68.0214
4519.23 68.1422
4551.28 68.2605
4583.33 68.3763
4615.38 68.4897
4647.44 68.6008
4679.49 68.7096
4711.54 68.8162
4743.59 68.9207
4775.64 69.023
4807.69 69.1234
4839.74 69.2217
4871.79 69.3182
4903.85 69.4127
4935.9 69.5055
4967.95 69.5964
5000 69.6856
5032.05 69.7731
5064.1 69.859
5096.15 69.9432
5128.21 70.0259
5160.26 70.107
5192.31 70.1867
5224.36 70.2648
5256.41 70.3416
5288.46 70.417
5320.51 70.491
5352.56 70.5637
5384.62 70.6351
5416.67 70.7053
5448.72 70.7742
5480.77 70.8419
5512.82 70.9085
5544.87 70.9739
5576.92 71.0381
5608.97 71.1013
5641.03 71.1634
5673.08 71.2245
5705.13 71.2845
5737.18 71.3436
5769.23 71.4016
5801.28 71.4587
5833.33 71.5149
5865.38 71.5701
5897.44 71.6245
5929.49 71.6779
5961.54 71.7305
5993.59 71.7823
6025.64 71.8333
6057.69 71.8834
6089.74 71.9328
6121.79 71.9813
6153.85 72.0292
6185.9 72.0763
6217.95 72.1226
6250 72.1683
6282.05 72.2132
6314.1 72.2575
6346.15 72.3011
6378.21 72.3441
6410.26 72.3864
6442.31 72.4281
6474.36 72.4691
6506.41 72.5096
6538.46 72.5495
6570.51 72.5888
6602.56 72.6275
6634.62 72.6657
6666.67 72.7033
6698.72 72.7403
6730.77 72.7769
6762.82 72.8129
6794.87 72.8484
6826.92 72.8835
6858.97 72.918
6891.03 72.9521
6923.08 72.9856
6955.13 73.0188
6987.18 73.0514
7019.23 73.0836
7051.28 73.1154
7083.33 73.1468
7115.38 73.1777
7147.44 73.2082
7179.49 73.2383
7211.54 73.268
7243.59 73.2974
7275.64 73.3263
7307.69 73.3548
7339.74 73.383
7371.79 73.4108
7403.85 73.4383
7435.9 73.4654
7467.95 73.4921
7500 73.5185
7532.05 73.5446
7564.1 73.5704
7596.15 73.5958
7628.21 73.6209
7660.26 73.6457
7692.31 73.6701
7724.36 73.6943
7756.41 73.7182
7788.46 73.7418
7820.51 73.7651
7852.56 73.7881
7884.62 73.8108
7916.67 73.8332
7948.72 73.8554
7980.77 73.8773
8012.82 73.899
8044.87 73.9204
8076.92 73.9415
8108.97 73.9624
8141.03 73.9831
8173.08 74.0035
8205.13 74.0236
8237.18 74.0436
8269.23 74.0633
8301.28 74.0827
8333.33 74.102
8365.38 74.121
8397.44 74.1398
8429.49 74.1584
8461.54 74.1768
8493.59 74.195
8525.64 74.2129
8557.69 74.2307
8589.74 74.2483
8621.79 74.2657
8653.85 74.2828
8685.9 74.2998
8717.95 74.3166
8750 74.3333
8782.05 74.3497
8814.1 74.366
8846.15 74.3821
8878.21 74.398
8910.26 74.4137
8942.31 74.4293
8974.36 74.4447
9006.41 74.4599
9038.46 74.475
9070.51 74.4899
9102.56 74.5047
9134.62 74.5193
9166.67 74.5338
9198.72 74.5481
9230.77 74.5622
9262.82 74.5763
9294.87 74.5901
9326.92 74.6038
9358.97 74.6174
9391.03 74.6309
9423.08 74.6442
9455.13 74.6574
9487.18 74.6704
9519.23 74.6833
9551.28 74.6961
9583.33 74.7087
9615.38 74.7213
9647.44 74.7337
9679.49 74.7459
9711.54 74.7581
9743.59 74.7701
9775.64 74.782
9807.69 74.7938
9839.74 74.8055
9871.79 74.8171
9903.85 74.8286
9935.9 74.8399
9967.95 74.8511
10000 74.8623
