100.281	2171.35	16033.8	
100.924	1857.03	16315.4	
101.567	1397.28	16284.3	
102.21	1119.13	15984.2	
102.852	1107.46	15687.9	
103.495	1172.87	15561.5	
104.138	1115.05	15542.9	
104.781	902.68	15439.7	
105.424	718.466	15143.6	
106.067	736.414	14756.6	
106.709	954.668	14454.3	
107.352	1267.66	14355.4	
107.995	1481.77	14455.1	
108.638	1517.18	14626	
109.281	1409.97	14749.7	
109.924	1242.51	14789.1	
110.566	1040.45	14753.6	
111.209	813.572	14618.1	
111.852	637.379	14355.8	
112.495	627.559	14049.8	
113.138	736.465	13833.3	
113.781	832.171	13730.8	
114.423	840.363	13654.4	
115.066	818.934	13509.3	
115.709	888.203	13312.9	
116.352	1088.91	13195.5	
116.995	1281.47	13249.3	
117.637	1313.07	13413	
118.28	1148.96	13523.2	
118.923	912.143	13451.1	
119.566	777.919	13223.5	
120.209	806.686	12974.9	
120.852	945.312	12821.3	
121.494	1073.2	12789.2	
122.137	1120.72	12819.8	
122.78	1082.94	12829.8	
123.423	1038.73	12786	
124.066	1018.57	12725.8	
124.709	1005.4	12680	
125.351	962.875	12637.3	
125.994	902.805	12563.7	
126.637	859.442	12451.8	
127.28	863.783	12330.9	
127.923	893.588	12233.6	
128.566	919.191	12149.5	
129.208	967.771	12072.9	
129.851	1032.66	12026.8	
130.494	1099.22	12033.5	
131.137	1103.27	12082.8	
131.78	1036.8	12118.7	
132.423	927.034	12097.6	
133.065	829.803	12010.6	
133.708	785.248	11896.2	
134.351	773.291	11794.3	
134.994	772.2	11714.9	
135.637	755.371	11648.7	
136.279	716.092	11562.6	
136.922	699.526	11446.2	
137.565	714.227	11317.7	
138.208	781.074	11206.7	
138.851	862.249	11139.9	
139.494	939.121	11113.8	
140.136	987.719	11114.5	
140.779	1018.59	11129.1	
141.422	1020.4	11159.2	
142.065	975.018	11187.7	
142.708	881.31	11172	
143.351	800.866	11091.2	
143.993	771.961	10979.3	
144.636	797.457	10886.2	
145.279	826.207	10830.2	
145.922	845.81	10794.4	
146.565	847.346	10761.9	
147.208	852.142	10726.8	
147.85	853.809	10696.5	
148.493	856.354	10673.8	
149.136	845.631	10659.1	
149.779	824.765	10647.4	
150.422	782.713	10632.8	
151.065	725.383	10601.6	
151.707	663.399	10549.2	
152.35	604.097	10475.1	
152.993	554.262	10376	
153.636	537.29	10260	
154.279	556.719	10153.1	
154.921	593.394	10073	
155.564	625.128	10019.2	
156.207	631.425	9966.99	
156.85	645.297	9899.94	
157.493	677.089	9834.01	
158.136	725.255	9787.61	
158.778	767.098	9771.3	
159.421	773.795	9764.8	
160.064	763.161	9738.81	
160.707	762.479	9695.65	
161.35	776.469	9653.12	
161.993	797.733	9624.57	
162.635	805.611	9607.24	
163.278	801.245	9585.26	
163.921	795.408	9551.35	
164.564	803.283	9512.95	
165.207	820.654	9483.83	
165.85	840.1	9472.15	
166.492	841.759	9475.7	
167.135	817.434	9474.21	
167.778	784.937	9451.19	
168.421	768.075	9416.91	
169.064	757.749	9389.47	
169.707	743.307	9372.6	
170.349	707.214	9355.92	
170.992	655.794	9318.79	
171.635	607.664	9252.47	
172.278	584.97	9166.28	
172.921	591.115	9080.37	
173.563	615.887	9006.9	
174.206	651.38	8947.22	
174.849	698.11	8906.23	
175.492	742.142	8889.63	
176.135	770.864	8891.35	
176.778	781.058	8904	
177.42	761.019	8913.92	
178.063	723.268	8900.81	
178.706	690.292	8862.53	
179.349	673.16	8809.55	
179.992	677.787	8755.76	
180.635	698.071	8715.39	
181.277	720.364	8694.47	
181.92	732.883	8691.3	
182.563	719.875	8692.13	
183.206	690.816	8676.54	
183.849	667.023	8643.52	
184.492	651.85	8602.25	
185.134	650.682	8561.67	
185.777	655.158	8531.2	
186.42	653.721	8509.08	
187.063	643.144	8485.52	
187.706	631.9	8455.13	
188.349	624.664	8419.99	
188.991	626.456	8386.59	
189.634	631.575	8363.95	
190.277	624.55	8349.7	
190.92	601.559	8327.38	
191.563	581.575	8290.44	
192.205	567.194	8243.56	
192.848	569.441	8193.23	
193.491	582.668	8150.11	
194.134	603.15	8119.56	
194.777	618.651	8101.91	
195.42	626.642	8091.3	
196.062	624.754	8083.95	
196.705	610.071	8071.34	
197.348	594.172	8046.75	
197.991	587.975	8017.55	
198.634	586.435	7994.24	
199.277	579.627	7976.97	
199.919	562.726	7957.05	
200.562	542.986	7926.83	
201.205	528.218	7885.7	
201.848	528.657	7841.18	
202.491	541.44	7806.79	
203.134	551.638	7785.93	
203.776	552.943	7770.96	
204.419	546.6	7754.89	
205.062	536.178	7734.93	
205.705	523.435	7709.45	
206.348	514.034	7679.21	
206.991	508.324	7648.47	
207.633	502.605	7617.15	
208.276	500.316	7583.72	
208.919	503.548	7552.28	
209.562	507.091	7524.79	
210.205	510.827	7499.96	
210.847	512.985	7477.4	
211.49	513.399	7455.35	
212.133	513.947	7434.76	
212.776	509.3	7414.04	
213.419	504.287	7389.42	
214.062	500.632	7361.13	
214.704	503.706	7332.76	
215.347	508.89	7309.34	
215.99	510.896	7288.16	
216.633	514.603	7267.83	
217.276	516.96	7250.75	
217.919	516.272	7236.17	
218.561	508.916	7220.27	
219.204	499.278	7197.4	
219.847	495.597	7169.06	
220.49	500.182	7143.34	
221.133	505.491	7125.29	
221.776	504.886	7111.66	
222.418	497.734	7095.74	
223.061	490.076	7074.34	
223.704	485.187	7049.04	
224.347	486.596	7024.59	
224.99	488.391	7004.35	
225.633	488.891	6986.7	
226.275	486.334	6968.97	
226.918	485.266	6950.94	
227.561	482.902	6934.95	
228.204	477.657	6919.85	
228.847	467.738	6902.36	
229.49	457.39	6879.67	
230.132	449.647	6852.49	
230.775	447.666	6824.02	
231.418	448.733	6797.12	
232.061	452.785	6771.92	
232.704	460.013	6750.77	
233.346	466.303	6735.18	
233.989	468.634	6723.01	
234.632	466.843	6712.05	
235.275	459.214	6698.83	
235.918	451.177	6681.02	
236.561	444.325	6660.54	
237.203	438.739	6638.21	
237.846	435.876	6615.31	
238.489	432.883	6590.99	
239.132	436.628	6566.45	
239.775	443.53	6547.42	
240.418	449.783	6535.86	
241.06	447.095	6528.59	
241.703	436.036	6517.15	
242.346	422.868	6496.9	
242.989	415.828	6470.7	
243.632	413.977	6443.71	
244.275	417.48	6418.8	
244.917	422.483	6396.94	
245.56	431.724	6379.97	
246.203	437.867	6370.9	
246.846	435.366	6364.52	
247.489	426.174	6354.27	
248.132	415.123	6337.34	
248.774	407.397	6314.92	
249.417	405.876	6291.82	
250.06	407.143	6272.17	
250.703	407.476	6255.78	
251.346	405.464	6240.53	
251.988	400.853	6223.44	
252.631	398.498	6204.36	
253.274	397.423	6186.01	
253.917	396.397	6168.22	
254.56	396.679	6151.79	
255.203	394.698	6136.49	
255.845	392.711	6121.05	
256.488	389.627	6106.28	
257.131	384.185	6090.91	
257.774	377.416	6073.24	
258.417	370.377	6051.98	
259.06	366.466	6026.78	
259.702	369.336	6001.27	
260.345	377.051	5980.32	
260.988	385.315	5966.24	
261.631	388.392	5956.91	
262.274	385.904	5947.72	
262.917	378.61	5934.42	
263.559	373.07	5915.76	
264.202	371.767	5895.23	
264.845	375.067	5877.54	
265.488	376.509	5863.53	
266.131	377.011	5851.12	
266.774	374.36	5839.5	
267.416	369.44	5826.32	
268.059	364.417	5811.6	
268.702	358.255	5795.57	
269.345	351.914	5776.99	
269.988	347.496	5756.02	
270.63	346.179	5734.59	
271.273	347.046	5714.62	
271.916	348.043	5696.46	
272.559	348.036	5678.75	
273.202	347.925	5660	
273.845	349.721	5640.41	
274.487	354.645	5622.73	
275.13	358.8	5608.08	
275.773	362.137	5595.72	
276.416	361.585	5584.23	
277.059	358.888	5570.9	
277.702	354.922	5554.34	
278.344	353.621	5534.92	
278.987	355.116	5514.66	
279.63	360.5	5495.51	
280.273	368.082	5480.14	
280.916	374.031	5468.2	
281.559	378.164	5457.46	
282.201	381.354	5447.09	
282.844	384.69	5438.39	
283.487	384.396	5430.99	
284.13	382.173	5422.9	
284.773	376.993	5413.07	
285.416	371.502	5399.96	
286.058	367.659	5384.52	
286.701	366.576	5369.06	
287.344	365.602	5354.76	
287.987	364.681	5340.93	
288.63	362.827	5326.8	
289.272	361.8	5311.94	
289.915	361.718	5297.65	
290.558	360.787	5283.88	
291.201	359.849	5270.01	
291.844	358.019	5256.02	
292.487	355.128	5240.12	
293.129	354.675	5222.45	
293.772	355.933	5204.84	
294.415	358.894	5187.46	
295.058	364.535	5171.82	
295.701	370.447	5159.39	
296.344	374.903	5149.67	
296.986	376.068	5140.97	
297.629	374.521	5130.59	
298.272	372.652	5117.23	
298.915	373.052	5101.78	
299.558	376.77	5086.73	
300.201	382.391	5074.45	
300.843	387.53	5065.63	
301.486	389.585	5058.72	
302.129	389.148	5051.5	
302.772	386.952	5043.12	
303.415	383.751	5032.89	
304.058	381.183	5021.05	
304.7	379.373	5008.7	
305.343	377.486	4995.62	
305.986	377.114	4981.92	
306.629	377.589	4968.77	
307.272	378.072	4955.88	
307.914	379.327	4943.04	
308.557	381.447	4931.17	
309.2	382.876	4920.27	
309.843	384.39	4910.27	
310.486	383.608	4900.48	
311.129	382.686	4889.51	
311.771	381.711	4878.14	
312.414	379.814	4865.34	
313.057	379.965	4850.68	
313.7	383.169	4836.69	
314.343	387.364	4825.12	
314.986	391.06	4815.91	
315.628	392.644	4807.9	
316.271	392.712	4799.71	
316.914	391.182	4790.51	
317.557	389.425	4779.43	
318.2	388.957	4766.91	
318.843	390.675	4754.57	
319.485	393.317	4744.09	
320.128	394.653	4734.88	
320.771	395.251	4725.67	
321.414	395.058	4715.95	
322.057	395.546	4706.01	
322.7	395.306	4696.05	
323.342	395.758	4685.99	
323.985	395.51	4676.1	
324.628	395.176	4665.55	
325.271	395.473	4654.57	
325.914	396.462	4643.67	
326.556	398.23	4633.61	
327.199	399.435	4624.68	
327.842	399.247	4615.7	
328.485	398.951	4605.96	
329.128	398.569	4595.58	
329.771	398.737	4584.3	
330.413	400.956	4573.34	
331.056	403.356	4564	
331.699	405.242	4555.99	
332.342	405.148	4548.25	
332.985	404.185	4539.06	
333.628	404.419	4528.9	
334.27	405.327	4518.96	
334.913	406.977	4509.78	
335.556	408.1	4501.69	
336.199	407.907	4493.62	
336.842	407.645	4485.04	
337.485	406.633	4475.76	
338.127	406.821	4465.85	
338.77	407.022	4456.13	
339.413	407.858	4446.45	
340.056	408.735	4437.19	
340.699	409.653	4428.3	
341.342	409.93	4419.49	
341.984	410.102	4409.99	
342.627	411.527	4400.56	
343.27	412.397	4391.78	
343.913	413.227	4382.81	
344.556	413.981	4373.41	
345.198	415.934	4363.87	
345.841	418.604	4355.23	
346.484	421.441	4347.91	
347.127	423.195	4341.7	
347.77	423.747	4335.72	
348.413	422.99	4329.11	
349.055	422.056	4321.32	
349.698	421.611	4312.75	
350.341	421.707	4303.82	
350.984	422.345	4294.57	
351.627	424.129	4285.11	
352.27	427.853	4276.89	
352.912	431.315	4271.06	
353.555	433.203	4266.66	
354.198	433.392	4262.77	
354.841	431.102	4258.08	
355.484	427.856	4250.88	
356.127	426.033	4241.4	
356.769	426.419	4231.15	
357.412	429.194	4221.51	
358.055	434.038	4214.29	
358.698	438.218	4210.4	
359.341	439.794	4208.3	
359.984	439.069	4206.21	
360.626	436.48	4203.19	
361.269	433.091	4198.62	
361.912	430.148	4193.15	
362.555	426.56	4187.09	
363.198	423.393	4179.98	
363.84	420.729	4172.34	
364.483	418.559	4164.2	
365.126	417.455	4155.66	
365.769	418.121	4147.78	
366.412	419.688	4142.26	
367.055	419.406	4139.21	
367.697	415.841	4136.37	
368.34	410.368	4131.75	
368.983	403.982	4124.47	
369.626	399.54	4115.26	
370.269	396.156	4105.66	
370.912	394.461	4096.35	
371.554	392.934	4088.17	
372.197	390.986	4080.75	
372.84	387.368	4072.85	
373.483	384.051	4063.18	
374.126	382.2	4052.49	
374.769	382.55	4042.39	
375.411	383.096	4033.77	
376.054	383.78	4026.2	
376.697	383.487	4019.16	
377.34	383.781	4012.64	
377.983	382.645	4007.02	
378.626	380.387	4000.76	
379.268	378.576	3993.96	
379.911	376.844	3987.68	
380.554	374.18	3981.99	
381.197	369.952	3975.98	
381.84	364.519	3968.42	
382.482	359.368	3958.96	
383.125	355.031	3947.8	
383.768	353.148	3936.08	
384.411	352.383	3925.23	
385.054	352.212	3915.12	
385.697	352.689	3906.24	
386.339	351.81	3898.3	
386.982	350.436	3890.33	
387.625	347.508	3881.68	
388.268	344.843	3871.2	
388.911	343.495	3859.68	
389.554	343.53	3847.69	
390.196	346.04	3836.5	
390.839	349.307	3827.65	
391.482	351.39	3820.73	
392.125	351.64	3814.39	
392.768	349.802	3806.61	
393.411	349.09	3796.74	
394.053	350.209	3786.67	
394.696	352.371	3777.54	
395.339	354.658	3769.51	
395.982	356.549	3762.12	
396.625	357.946	3754.61	
397.268	360.247	3747.14	
397.91	362.646	3740.5	
398.553	365.122	3734.53	
399.196	367.752	3729.73	
399.839	369.227	3726.4	
400.482	368.442	3723.14	
401.125	367.109	3719.2	
401.767	364.312	3714.49	
402.41	361.795	3708.52	
403.053	359.184	3701.83	
403.696	357.404	3694.65	
404.339	355.624	3687.43	
404.981	354.252	3679.92	
405.624	353.322	3672.4	
406.267	352.894	3665.32	
406.91	352.102	3658.78	
407.553	350.874	3652.22	
408.196	349.643	3645.62	
408.838	347.995	3639.09	
409.481	345.867	3632.19	
410.124	343.659	3624.64	
410.767	341.829	3616.7	
411.41	339.955	3608.39	
412.053	338.898	3599.81	
412.695	337.84	3591.22	
413.338	337.601	3582.5	
413.981	337.846	3574.29	
414.624	338.185	3566.81	
415.267	337.725	3559.6	
415.91	337.246	3552.3	
416.552	335.889	3544.61	
417.195	334.761	3535.64	
417.838	335.163	3525.96	
418.481	337.273	3516.97	
419.124	339.966	3509.41	
419.767	342.884	3503.55	
420.409	344.394	3499.19	
421.052	344.327	3495.11	
421.695	343.014	3490.72	
422.338	340.357	3485.33	
422.981	337.467	3478.24	
423.623	335.587	3469.81	
424.266	335.242	3461.07	
424.909	336.176	3453.07	
425.552	337.727	3446.72	
426.195	337.927	3441.88	
426.838	336.178	3437.02	
427.48	333.03	3430.51	
428.123	330.774	3422.06	
428.766	330.404	3413.29	
429.409	330.93	3405.48	
430.052	331.618	3398.87	
430.695	331.287	3393.12	
431.337	329.772	3387.07	
431.98	328.158	3380.31	
432.623	326.504	3373.21	
433.266	324.81	3365.81	
433.909	323.063	3358	
434.552	321.646	3349.86	
435.194	320.194	3341.45	
435.837	319.002	3332.27	
436.48	319.211	3322.66	
437.123	321.028	3314.2	
437.766	322.346	3307.47	
438.409	322.703	3301.66	
439.051	321.237	3295.75	
439.694	319.26	3288.75	
440.337	317.203	3281.16	
440.98	314.273	3272.36	
441.623	312.506	3261.71	
442.265	313.163	3250.76	
442.908	315.883	3242.14	
443.551	315.676	3235.16	
444.194	314.965	3227.14	
444.837	313.806	3218.45	
445.48	312.507	3208.79	
446.122	311.302	3197.42	
446.765	313.037	3185.31	
447.408	315.543	3174.1	
448.051	319.074	3163.3	
448.694	323.686	3153.37	
449.337	329.17	3145.11	
449.979	333.911	3138.78	
450.622	337.154	3133.63	
451.265	337.574	3127.54	
451.908	338.972	3119.41	
452.551	341.271	3110.93	
453.194	344.917	3102.9	
453.836	348.753	3096.22	
454.479	351.762	3090.6	
455.122	353.102	3084.79	
455.765	353.796	3077.2	
456.408	356.458	3068.12	
457.051	362.214	3060.52	
457.693	367.644	3056.66	
458.336	369.254	3054.7	
458.979	366.988	3050.67	
459.622	364.659	3042.72	
460.265	365.147	3032.92	
460.907	367.316	3023.87	
461.55	369.268	3015.52	
462.193	370.741	3006.42	
462.836	373.509	2996.15	
463.479	378.046	2985.76	
464.122	384.563	2976.44	
464.764	391.727	2969.23	
465.407	398.333	2964.05	
466.05	402.62	2959.61	
466.693	405.741	2954.05	
467.336	408.803	2946.88	
467.979	413.767	2938.9	
468.621	420.087	2931.89	
469.264	426.327	2926.12	
469.907	432.017	2920.75	
470.55	437.681	2915.41	
471.193	443.002	2910.05	
471.836	448.176	2904.2	
472.478	453.326	2897.15	
473.121	460.453	2888.71	
473.764	470.093	2879.98	
474.407	483.037	2871.89	
475.05	500.134	2866.5	
475.693	519.894	2866.66	
476.335	538.664	2873.5	
476.978	553.429	2885.53	
477.621	563.051	2900.1	
478.264	568.328	2915.15	
478.907	570.236	2930.19	
479.549	568.711	2945.21	
480.192	563.251	2959.77	
480.835	553.034	2972.22	
481.478	540.078	2980.77	
482.121	525.359	2985.26	
482.764	510.074	2985.12	
483.406	496.104	2980.1	
484.049	486.266	2971.53	
484.692	481.262	2962.46	
485.335	479.841	2955.55	
485.978	479.573	2952.1	
486.621	477.941	2951.68	
487.263	473.379	2952.83	
487.906	464.686	2953	
488.549	453.552	2948.99	
489.192	444.442	2940.49	
489.835	439.205	2930.47	
490.478	436.942	2921.77	
491.12	435.229	2915.47	
491.763	431.702	2910.14	
492.406	427.417	2903.93	
493.049	422.848	2896.32	
493.692	419.752	2887.43	
494.335	418.419	2878.73	
494.977	417.906	2871.18	
495.62	416.981	2864.37	
496.263	416.076	2857.67	
496.906	415.218	2851.18	
497.549	414.473	2845.23	
498.191	412.732	2839.82	
498.834	409.455	2833.68	
499.477	405.413	2825.22	
500.12	403.288	2814.09	
500.763	404.838	2802.36	
501.406	409.472	2792.57	
502.048	415.293	2785.95	
502.691	420.738	2782.62	
503.334	424.139	2782.19	
503.977	423.517	2783.03	
504.62	419.072	2782.46	
505.263	412.249	2778.41	
505.905	406.227	2770.56	
506.548	402.442	2760.62	
507.191	400.632	2749.97	
507.834	400.912	2739.35	
508.477	402.97	2729.83	
509.12	405.361	2721.97	
509.762	406.889	2715.01	
510.405	407.499	2707.51	
511.048	408.858	2698.89	
511.691	412.008	2690.45	
512.334	415.679	2683.34	
512.977	419.021	2677.15	
513.619	421.89	2671.22	
514.262	424.697	2665.16	
514.905	428.036	2659.34	
515.548	430.932	2653.87	
516.191	433.943	2647.97	
516.833	438.157	2642.01	
517.476	443.954	2637.54	
518.119	449.441	2635.83	
518.762	452.443	2636.06	
519.405	452.442	2636.21	
520.048	450.237	2634.56	
520.69	447.666	2630.5	
521.333	445.904	2624.76	
521.976	445.204	2618.37	
522.619	444.658	2611.65	
523.262	444.269	2603.7	
523.905	445.626	2594.14	
524.547	450.278	2584.46	
525.19	457.891	2577.16	
525.833	465.708	2573.45	
526.476	472.088	2572.42	
527.119	475.972	2572.78	
527.762	477.379	2572.87	
528.404	477.462	2571.68	
529.047	477.185	2569.21	
529.69	477.178	2566.01	
530.333	477.128	2562.67	
530.976	475.881	2558.47	
531.619	474.916	2551.92	
532.261	476.467	2543.45	
532.904	482.131	2535.54	
533.547	490.218	2531.3	
534.19	496.906	2531.13	
534.833	500.616	2532.77	
535.475	501.385	2534.02	
536.118	500.673	2533.47	
536.761	500.075	2530.96	
537.404	501.33	2527.59	
538.047	504.451	2525.78	
538.69	506.575	2526.86	
539.332	505.046	2529.04	
539.975	500.017	2528.92	
540.618	494.677	2524.59	
541.261	492.486	2517.48	
541.904	493.97	2511.07	
542.547	496.586	2507.74	
543.189	496.917	2506.79	
543.832	494.052	2505.17	
544.475	490.037	2500.42	
545.118	488.174	2492.87	
545.761	489.699	2485.29	
546.404	492.752	2479.89	
547.046	495.585	2476.83	
547.689	496.642	2475.37	
548.332	494.683	2473.63	
548.975	490.736	2469.02	
549.618	487.822	2460.35	
550.261	489.54	2449.41	
550.903	496.723	2440.66	
551.546	505.359	2437.46	
552.189	510.824	2438.93	
552.832	510.678	2440.84	
553.475	507.756	2438.89	
554.117	506.98	2433.24	
554.76	510.013	2427.86	
555.403	513.579	2425.59	
556.046	514.288	2424.67	
556.689	513.23	2421.68	
557.332	513.991	2416.22	
557.974	518.337	2411.13	
558.617	524.995	2409.83	
559.26	529.571	2413.38	
559.903	528.722	2419	
560.546	522.495	2422.3	
561.189	514.415	2420.58	
561.831	508.31	2414.72	
562.474	505.056	2407.53	
563.117	503.374	2400.52	
563.76	502.532	2393.48	
564.403	503.108	2386.26	
565.046	505.654	2379.97	
565.688	508.685	2375.9	
566.331	510.389	2373.65	
566.974	509.794	2371.47	
567.617	508.033	2367.66	
568.26	506.681	2361.89	
568.903	507.278	2355.07	
569.545	509.965	2349	
570.188	513.557	2345.11	
570.831	515.248	2343.02	
571.474	514.723	2339.9	
572.117	515.037	2334.38	
572.76	518.852	2328.92	
573.402	524.119	2327.18	
574.045	526.075	2328.98	
574.688	523.071	2330.13	
575.331	518.01	2327.03	
575.974	515.392	2320.21	
576.616	516.096	2313	
577.259	518.823	2307.64	
577.902	521.05	2304.43	
578.545	521.878	2301.87	
579.188	521.617	2298.51	
579.831	522.257	2294.28	
580.473	523.462	2290.56	
581.116	524.522	2287.6	
581.759	524.398	2284.71	
582.402	524.316	2280.81	
583.045	525.36	2276.74	
583.688	527.014	2273.87	
584.33	527.572	2272.4	
584.973	526.212	2271.1	
585.616	523.018	2268.51	
586.259	519.441	2263.67	
586.902	516.718	2256.76	
587.545	516.124	2248.7	
588.187	517.65	2241.23	
588.83	519.647	2235.19	
589.473	520.808	2229.59	
590.116	521.948	2222.91	
590.759	525.036	2215.38	
591.402	531.024	2209.14	
592.044	537.943	2206.55	
592.687	542.49	2207.3	
593.33	543.318	2208.81	
593.973	541.476	2208.81	
594.616	538.456	2206.66	
595.258	534.78	2202.22	
595.901	531.711	2194.79	
596.544	531.906	2185.04	
597.187	536.603	2175.99	
597.83	543.828	2170.82	
598.473	549.789	2170.16	
599.115	551.572	2171.71	
599.758	549.088	2171.9	
600.401	544.513	2168.11	
601.044	541.63	2159.99	
601.687	543.298	2150.35	
602.33	548.646	2143.23	
602.972	553.323	2140.1	
603.615	554.401	2138.08	
604.258	553.3	2133.37	
604.901	554.42	2125.58	
605.544	559.127	2118.27	
606.187	564.594	2113.81	
606.829	568.149	2110.93	
607.472	570.349	2107	
608.115	573.938	2101.7	
608.758	579.702	2097.34	
609.401	585.699	2095.68	
610.044	589.795	2096.31	
610.686	590.403	2097.24	
611.329	588.554	2095.84	
611.972	586.562	2091.19	
612.615	586.598	2084.18	
613.258	589.327	2076.86	
613.9	593.329	2070.51	
614.543	598.341	2064.92	
615.186	604.245	2060.6	
615.829	609.815	2057.94	
616.472	613.915	2055.98	
617.115	617.09	2053.2	
617.757	621.03	2049.41	
618.4	626.367	2045.97	
619.043	632.06	2044.06	
619.686	636.514	2043.28	
620.329	639.766	2042.24	
620.972	642.306	2040.12	
621.614	645.682	2036.81	
622.257	650.253	2033.4	
622.9	655.54	2030.37	
624.829	675.328	2026.19	
626.757	693.908	2030.14	
628.686	707.612	2039.67	
630.614	715.864	2051.92	
632.543	718.414	2065.73	
634.471	712.224	2078.55	
636.399	701.112	2085.12	
638.328	690.052	2086.31	
640.256	677.993	2084.99	
642.185	663.396	2079.41	
644.113	649.713	2066.76	
646.042	641.208	2048.27	
647.97	640.244	2027.69	
649.899	647.034	2009.93	
651.827	656.248	1998.84	
653.756	661.908	1991.85	
655.684	667.074	1984.39	
657.613	672.412	1977.72	
659.541	677.355	1972.03	
661.47	682.06	1966.95	
663.398	686.527	1962.45	
665.327	691.542	1959	
667.255	695.668	1957.99	
669.184	695.921	1958.36	
671.112	692.598	1956.31	
673.041	690.266	1950.5	
674.969	690.71	1944.53	
676.898	690.171	1940.76	
678.826	686.389	1936.32	
680.755	681.962	1927.98	
682.683	680.875	1916.76	
684.612	683.154	1906.42	
686.54	685.504	1898.1	
688.469	687.862	1889.93	
690.397	691.2	1881.9	
692.325	695.329	1875.08	
694.254	698.802	1869.72	
696.182	701.286	1864.66	
698.111	704.016	1859.82	
700.039	704.869	1855.91	
701.968	703.481	1850.18	
703.896	703.85	1841.34	
705.825	707.329	1832.53	
707.753	711.667	1825.76	
709.682	715.764	1820.23	
711.61	720.083	1815.62	
713.539	723.494	1812.62	
715.467	724.581	1810.21	
717.396	723.847	1806.45	
719.324	722.313	1800.24	
721.253	723.466	1791.7	
723.181	727.305	1784.31	
725.11	731.518	1779.72	
727.038	732.591	1776.77	
728.967	730.783	1771.13	
730.895	731.886	1761.34	
732.824	737.857	1752.33	
734.752	744.681	1747.63	
736.681	749.078	1745.47	
738.609	751.631	1743.11	
740.538	753.433	1740.14	
742.466	754.85	1736.86	
744.395	755.876	1733.49	
746.323	755.896	1729.8	
748.252	755.216	1724.71	
750.18	755.551	1717.89	
752.109	757.701	1710.7	
754.037	761.079	1704.48	
755.965	764.435	1699.53	
757.894	766.553	1694.81	
759.822	769.41	1688.9	
761.751	773.86	1683.36	
763.679	779.047	1679.66	
765.608	783.451	1678.13	
767.536	785.007	1677.83	
769.465	783.163	1675.68	
771.393	782.342	1669.34	
773.322	785.458	1662.13	
775.25	789.78	1657.7	
777.179	792.626	1655.07	
779.107	793.603	1651.81	
781.036	795.264	1646.6	
782.964	799.133	1641.38	
784.893	803.608	1638.26	
786.821	807.114	1636.92	
788.75	808.32	1636.29	
790.678	807.125	1634.19	
792.607	806.048	1628.94	
794.535	807.96	1621.91	
796.464	812.585	1616.42	
798.392	816.8	1613.7	
800.321	819.377	1611.72	
802.249	821.148	1608.98	
804.178	823.509	1605.54	
806.106	826.699	1602.73	
808.034	828.953	1601.13	
809.963	830.267	1599.14	
811.891	831.929	1596.52	
813.82	833.885	1594.43	
815.748	835.354	1593.33	
817.677	834.326	1592.65	
819.605	830.956	1589.29	
821.534	829.495	1581.49	
823.462	834.171	1572.98	
825.391	840.91	1570.01	
827.319	842.728	1571.02	
829.248	840.622	1568.85	
831.176	840.934	1562.12	
833.105	845.288	1555.97	
835.033	849.259	1553	
836.962	852.128	1549.99	
838.89	856.561	1546.43	
840.819	861.311	1544.95	
842.747	864.914	1544.96	
844.676	867.145	1545.43	
846.604	867.917	1545.8	
848.533	867.445	1545.33	
850.461	866.425	1543.51	
852.39	865.548	1540.26	
854.318	865.973	1535.88	
856.247	867.893	1531.84	
858.175	869.393	1528.78	
860.104	870.759	1524.84	
862.032	874.69	1520.32	
863.96	879.61	1518.64	
865.889	882.116	1519.23	
867.817	882.587	1518.69	
869.746	883.84	1516.52	
871.674	885.588	1515	
873.603	886.523	1514.03	
875.531	886.856	1512.46	
877.46	886.95	1510.07	
879.388	887.918	1506.77	
881.317	889.592	1503.58	
883.245	891.876	1500.42	
885.174	896.032	1497.76	
887.102	900.077	1497.91	
889.031	901.317	1499.6	
890.959	900.603	1499.71	
892.888	900.143	1497.88	
894.816	900.715	1495.44	
896.745	902.073	1493.32	
898.673	903.438	1491.8	
900.602	904.607	1490.38	
902.53	906.329	1489.06	
904.459	907.179	1488.78	
906.387	906.816	1487.79	
908.316	907.698	1485.4	
910.244	909.547	1484.21	
912.173	909.791	1484.36	
914.101	909.075	1483.34	
916.03	908.809	1481.32	
917.958	908.574	1479.19	
919.887	908.593	1476.32	
921.815	909.957	1472.9	
923.743	912.889	1470.37	
925.672	916.135	1470.08	
927.6	916.89	1471.67	
929.529	914.989	1471.81	
931.457	914.087	1468.97	
933.386	915.35	1466.19	
935.314	916.028	1464.95	
937.243	916.575	1462.78	
939.171	919.564	1460.49	
941.1	922.145	1461.52	
943.028	921.799	1463.73	
944.957	919.37	1464.34	
946.885	916.425	1462.83	
948.814	913.908	1459.39	
950.742	913.463	1454.31	
952.671	915.923	1449.73	
954.599	919.03	1447.75	
956.528	921.151	1447.31	
958.456	922.052	1447.11	
960.385	922.166	1446.35	
962.313	922.585	1444.79	
964.242	923.616	1443.38	
966.17	924.429	1442.58	
968.099	925.058	1441.75	
970.027	925.554	1440.94	
971.956	926.142	1440.07	
973.884	926.971	1439.55	
975.813	927.129	1439.75	
977.741	926.307	1439.76	
979.669	925.146	1438.93	
981.598	924.03	1437.5	
983.526	923.255	1435.58	
985.455	922.855	1433.47	
987.383	922.793	1431.27	
989.312	923.138	1429.05	
991.24	924.074	1427.09	
993.169	924.751	1425.81	
995.097	925.184	1424.33	
997.026	926.376	1422.61	
998.954	928.018	1421.91	
1000.88	928.712	1422.32	
1002.81	928.419	1422.51	
1004.74	927.784	1422.15	
1006.67	926.945	1421.49	
1008.6	925.941	1420.43	
1010.53	924.852	1418.79	
1012.45	924.239	1416.3	
1014.38	925.488	1413.53	
1016.31	927.598	1412.75	
1018.24	927.615	1413.7	
1020.17	926.534	1413.21	
1022.1	926.567	1411.79	
1024.03	926.521	1411.55	
1025.95	925.095	1411.39	
1027.88	923.443	1409.65	
1029.81	923.258	1407.06	
1031.74	923.848	1405.51	
1033.67	923.461	1404.74	
1035.6	923.106	1403.01	
1037.52	923.476	1401.16	
1039.45	924.401	1399.91	
1041.38	925.321	1399.63	
1043.31	925.008	1400.15	
1045.24	923.776	1400.01	
1047.17	922.225	1398.99	
1049.1	921.16	1397.03	
1051.02	921.601	1395.02	
1052.95	922.013	1394.68	
1054.88	920.737	1394.98	
1056.81	918.017	1393.8	
1058.74	916.53	1390.29	
1060.67	917.312	1386.8	
1062.59	918.885	1385.05	
1064.52	919.673	1384.56	
1066.45	919.611	1383.95	
1068.38	919.815	1382.86	
1070.31	920.251	1382.31	
1072.24	919.724	1382.38	
1074.17	918.338	1381.62	
1076.09	917.877	1379.61	
1078.02	918.929	1378.29	
1079.95	919.003	1378.97	
1081.88	917.306	1379.47	
1083.81	914.909	1378.55	
1085.74	912.563	1376.26	
1087.67	911.776	1372.71	
1089.59	912.76	1369.72	
1091.52	913.965	1368.32	
1093.45	914.613	1367.62	
1095.38	914.811	1367	
1097.31	914.767	1366.31	
1099.24	914.753	1365.52	
1101.16	915.021	1364.96	
1103.09	914.573	1365.08	
1105.02	913.379	1364.69	
1106.95	912.673	1363.56	
1108.88	911.868	1362.81	
1110.81	910.919	1361.7	
1112.74	910.509	1360.24	
1114.66	910.778	1359.35	
1116.59	910.132	1359.63	
1118.52	908.03	1359.38	
1120.45	906.26	1357.48	
1122.38	905.473	1355.26	
1124.31	905.289	1353.43	
1126.23	905.103	1352.06	
1128.16	905.118	1350.74	
1130.09	905.406	1349.99	
1132.02	904.679	1350.08	
1133.95	902.756	1349.39	
1135.88	901.541	1347.06	
1137.81	902.416	1344.91	
1139.73	902.906	1345.21	
1141.66	900.848	1345.97	
1143.59	898.065	1344.33	
1145.52	896.792	1341.07	
1147.45	897.642	1338.27	
1149.38	898.541	1337.59	
1151.3	897.629	1337.62	
1153.23	896.603	1336.23	
1155.16	896.103	1334.74	
1157.09	895.56	1333.53	
1159.02	894.951	1332.17	
1160.95	894.7	1330.67	
1162.88	894.426	1329.48	
1164.8	894.315	1328.2	
1166.73	894.797	1327.31	
1168.66	894.38	1327.62	
1170.59	892.575	1327.44	
1172.52	891.195	1325.77	
1174.45	890.642	1324.13	
1176.38	890.323	1323.12	
1178.3	889.255	1322.57	
1180.23	887.637	1321.34	
1182.16	886.354	1319.22	
1184.09	886.039	1316.84	
1186.02	886.164	1315.04	
1187.95	886.506	1313.63	
1189.87	886.907	1312.8	
1191.8	886.571	1312.53	
1193.73	885.828	1311.81	
1195.66	885.421	1310.85	
1197.59	884.764	1310.31	
1199.52	883.974	1309.66	
1201.45	882.673	1309.11	
1203.37	880.855	1307.93	
1205.3	879.558	1305.71	
1207.23	879.358	1303.36	
1209.16	879.948	1301.88	
1211.09	879.671	1301.54	
1213.02	878.741	1300.67	
1214.94	878.335	1299.31	
1216.87	877.904	1298.54	
1218.8	876.755	1297.79	
1220.73	875.616	1296.14	
1222.66	875.858	1294.18	
1224.59	876.071	1293.74	
1226.52	874.96	1293.64	
1228.44	873.908	1292.46	
1230.37	873.078	1291.37	
1232.3	872.032	1290.3	
1234.23	871.046	1288.77	
1236.16	871.032	1287.13	
1238.09	871.022	1286.81	
1240.02	868.952	1287.01	
1241.94	866.486	1284.97	
1243.87	865.821	1281.71	
1245.8	866.462	1279.43	
1247.73	866.998	1278.37	
1249.66	867.189	1277.72	
1251.59	866.872	1277.34	
1253.51	866.047	1276.86	
1255.44	865.012	1276	
1257.37	864.064	1274.81	
1259.3	863.344	1273.52	
1261.23	862.701	1272.29	
1263.16	862.108	1271.01	
1265.09	862.111	1269.72	
1267.01	862.249	1269.42	
1268.94	860.883	1269.95	
1270.87	858.339	1269.32	
1272.8	855.884	1266.99	
1274.73	855.185	1263.49	
1276.66	856.523	1260.88	
1278.58	857.643	1260.62	
1280.51	856.935	1261.09	
1282.44	855.619	1260.38	
1284.37	854.768	1259.18	
1286.3	853.708	1258.3	
1288.23	852.426	1256.94	
1290.16	851.775	1255.05	
1292.08	851.679	1253.52	
1294.01	851.852	1252.59	
1295.94	851.678	1252.52	
1297.87	850.117	1252.84	
1299.8	847.506	1252.01	
1301.73	845.369	1249.57	
1303.66	844.488	1246.56	
1305.58	844.814	1243.98	
1307.51	845.595	1242.53	
1309.44	845.869	1242.17	
1311.37	844.738	1242.07	
1313.3	842.984	1240.71	
1315.23	842.242	1238.21	
1317.15	842.557	1236.12	
1319.08	843.177	1234.94	
1321.01	843.596	1234.51	
1322.94	843.069	1234.61	
1324.87	841.777	1234.19	
1326.8	840.688	1233	
1328.73	839.856	1231.84	
1330.65	838.857	1230.72	
1332.58	837.962	1229.24	
1334.51	837.471	1227.62	
1336.44	837.511	1226.35	
1338.37	837.112	1225.91	
1340.3	835.698	1225.28	
1342.22	834.721	1223.55	
1344.15	834.21	1222.02	
1346.08	833.625	1220.61	
1348.01	833.879	1218.99	
1349.94	834.446	1218.61	
1351.87	833.565	1219.3	
1353.8	831.411	1219.14	
1355.72	829.419	1217.76	
1357.65	827.312	1216.02	
1359.58	825.717	1213.17	
1361.51	825.809	1209.92	
1363.44	826.76	1208	
1365.37	827.324	1207.28	
1367.3	827.049	1206.94	
1369.22	825.958	1206.29	
1371.15	824.824	1204.81	
1373.08	824.141	1202.91	
1375.01	824.005	1201.02	
1376.94	824.236	1199.43	
1378.87	824.661	1198.25	
1380.79	825.011	1197.55	
1382.72	825.267	1197.2	
1384.65	825.16	1197.43	
1386.58	823.648	1197.92	
1388.51	821.662	1197.07	
1390.44	820.55	1195.45	
1392.37	819.431	1194.34	
1394.29	818.1	1192.89	
1396.22	817.273	1190.98	
1398.15	816.531	1189.32	
1400.08	815.863	1187.38	
1402.01	816.037	1185.18	
1403.94	816.984	1183.86	
1405.86	817.147	1183.87	
1407.79	816.009	1183.69	
1409.72	815.027	1182.36	
1411.65	814.622	1181.07	
1413.58	813.943	1180.24	
1415.51	812.967	1179.09	
1417.44	812.317	1177.52	
1419.36	811.881	1176.13	
1421.29	811.282	1174.78	
1423.22	811.052	1173.06	
1425.15	811.486	1171.62	
1427.08	811.976	1171.14	
1429.01	811.324	1171.33	
1430.93	809.706	1170.67	
1432.86	808.945	1168.78	
1434.79	808.869	1167.45	
1436.72	808.34	1166.66	
1438.65	807.864	1165.42	
1440.58	807.781	1164.33	
1442.51	807.292	1163.74	
1444.43	806.801	1162.82	
1446.36	806.513	1162.14	
1448.29	805.51	1161.96	
1450.22	803.819	1161.15	
1452.15	802.43	1159.35	
1454.08	801.917	1157.36	
1456.01	801.452	1155.9	
1457.93	801.026	1154.22	
1459.86	801.436	1152.49	
1461.79	802.189	1151.92	
1463.72	801.761	1152.51	
1465.65	799.559	1152.65	
1467.58	796.782	1150.81	
1469.5	795.538	1147.14	
1471.43	796.481	1143.62	
1473.36	798.642	1141.8	
1475.29	800.454	1141.99	
1477.22	800.416	1143.27	
1479.15	798.78	1143.69	
1481.08	797.199	1142.56	
1483	796.541	1140.98	
1484.93	796.117	1139.89	
1486.86	795.608	1138.9	
1488.79	795.181	1137.89	
1490.72	794.579	1137.07	
1492.65	793.732	1136.04	
1494.57	793.264	1134.7	
1496.5	792.62	1133.68	
1498.43	791.761	1132.19	
1500.36	792.168	1130.14	
1502.29	793.172	1129.48	
1504.22	793.007	1130.09	
1506.15	791.608	1130.27	
1508.07	789.568	1129.4	
1510	788.135	1127.22	
1511.93	788.063	1124.82	
1513.86	788.62	1123.37	
1515.79	788.995	1122.78	
1517.72	788.587	1122.57	
1519.65	787.685	1121.9	
1521.57	787.011	1120.72	
1523.5	786.618	1119.61	
1525.43	786.177	1118.69	
1527.36	785.795	1117.74	
1529.29	785.409	1117.01	
1531.22	784.352	1116.45	
1533.14	783.046	1115	
1535.07	782.8	1112.81	
1537	783.554	1111.4	
1538.93	783.81	1111.33	
1540.86	782.688	1111.31	
1542.79	781.415	1109.98	
1544.72	781.304	1108.13	
1546.64	781.486	1107.26	
1548.57	781.05	1106.8	
1550.5	780.443	1105.91	
1552.43	780.136	1104.96	
1554.36	779.309	1104.35	
1556.29	778.443	1102.97	
1558.21	778.705	1101.28	
1560.14	779.318	1100.9	
1562.07	778.525	1101.49	
1564	776.405	1101.05	
1565.93	774.971	1098.86	
1567.86	774.96	1096.61	
1569.79	775.198	1095.36	
1571.71	775.183	1094.36	
1573.64	775.483	1093.31	
1575.57	775.86	1092.97	
1577.5	775.208	1093.22	
1579.43	773.913	1092.68	
1581.36	772.85	1091.3	
1583.29	772.657	1089.66	
1585.21	773.104	1088.74	
1587.14	772.812	1088.82	
1589.07	771.555	1088.53	
1591	770.509	1087.24	
1592.93	770.062	1085.84	
1594.86	770	1084.82	
1596.78	769.849	1084.36	
1598.71	768.922	1084.24	
1600.64	767.258	1083.48	
1602.57	766	1081.6	
1604.5	765.651	1079.51	
1606.43	765.967	1077.87	
1608.36	766.609	1076.97	
1610.28	766.609	1076.99	
1612.21	765.585	1076.93	
1614.14	764.154	1075.99	
1616.07	763.139	1074.25	
1618	762.885	1072.32	
1619.93	763.278	1070.76	
1621.85	763.936	1069.96	
1623.78	763.872	1069.93	
1625.71	763.08	1069.55	
1627.64	762.535	1068.53	
1629.57	762.253	1067.71	
1631.5	761.667	1067.14	
1633.43	760.789	1066.21	
1635.35	760.397	1064.76	
1637.28	760.625	1063.64	
1639.21	760.557	1063.26	
1641.14	760.066	1062.84	
1643.07	759.445	1062.18	
1645	758.906	1061.37	
1646.93	758.548	1060.64	
1648.85	757.976	1060.22	
1650.78	756.822	1059.69	
1652.71	755.627	1058.39	
1654.64	755.373	1056.64	
1656.57	755.498	1055.74	
1658.5	754.792	1055.35	
1660.42	753.878	1054.13	
1662.35	753.864	1052.51	
1664.28	754.181	1051.76	
1666.21	753.867	1051.6	
1668.14	753.077	1051.15	
1670.07	752.21	1050.37	
1672	751.181	1049.4	
1673.92	750.208	1047.87	
1675.85	750.222	1045.89	
1677.78	750.912	1044.76	
1679.71	751.023	1044.59	
1681.64	750.574	1044.27	
1683.57	749.972	1043.69	
1685.49	749.167	1042.96	
1687.42	748.486	1041.8	
1689.35	748.295	1040.48	
1691.28	748.629	1039.56	
1693.21	748.572	1039.46	
1695.14	747.637	1039.29	
1697.07	746.905	1038.29	
1698.99	746.566	1037.45	
1700.92	745.825	1036.97	
1702.85	744.833	1035.97	
1704.78	744.521	1034.43	
1706.71	745.032	1033.53	
1708.64	744.647	1033.9	
1710.57	742.827	1033.7	
1712.49	741.463	1031.77	
1714.42	741.586	1029.67	
1716.35	742.071	1028.75	
1718.28	741.984	1028.44	
1720.21	741.491	1027.95	
1722.14	740.861	1027.22	
1724.06	740.279	1026.28	
1725.99	739.954	1025.21	
1727.92	739.877	1024.33	
1729.85	739.719	1023.77	
1731.78	739.368	1023.32	
1733.71	738.782	1022.89	
1735.64	737.854	1022.26	
1737.56	737.209	1021.08	
1739.49	737.151	1020.03	
1741.42	736.857	1019.62	
1743.35	736.135	1019.09	
1745.28	735.659	1018.16	
1747.21	735.319	1017.54	
1749.13	734.68	1017.12	
1751.06	733.768	1016.51	
1752.99	732.941	1015.57	
1754.92	732.256	1014.62	
1756.85	731.57	1013.73	
1758.78	730.639	1012.78	
1760.71	729.783	1011.33	
1762.63	729.837	1009.63	
1764.56	730.158	1008.88	
1766.49	729.706	1008.73	
1768.42	728.599	1008.09	
1770.35	727.673	1006.65	
1772.28	727.411	1004.97	
1774.2	727.695	1003.65	
1776.13	728.106	1002.97	
1778.06	727.833	1002.83	
1779.99	726.977	1002.2	
1781.92	726.806	1000.84	
1783.85	727.092	1000.14	
1785.78	726.906	1000.07	
1787.7	726.271	999.843	
1789.63	725.468	999.367	
1791.56	724.556	998.687	
1793.49	723.865	997.744	
1795.42	723.22	996.958	
1797.35	722.285	996.137	
1799.28	721.553	994.862	
1801.2	721.049	993.638	
1803.13	720.471	992.422	
1805.06	720.351	990.887	
1806.99	720.701	989.768	
1808.92	720.836	989.33	
1810.85	720.287	988.982	
1812.77	719.572	987.971	
1814.7	719.69	986.566	
1816.63	720.23	986.014	
1818.56	720.096	986.274	
1820.49	719.044	986.326	
1822.42	717.758	985.547	
1824.35	716.881	984.179	
1826.27	716.557	982.752	
1828.2	716.637	981.627	
1830.13	716.622	980.966	
1832.06	716.487	980.393	
1833.99	716.09	979.922	
1835.92	715.652	979.243	
1837.84	715.415	978.596	
1839.77	714.795	978.252	
1841.7	714	977.485	
1843.63	713.538	976.437	
1845.56	713.304	975.618	
1847.49	712.993	975.094	
1849.42	712.145	974.637	
1851.34	711.261	973.513	
1853.27	711.054	972.078	
1855.2	711.218	971.153	
1857.13	711.232	970.698	
1859.06	710.996	970.406	
1860.99	710.395	970.19	
1862.92	709.242	969.679	
1864.84	708.561	968.305	
1866.77	708.801	967.213	
1868.7	708.62	967.248	
1870.63	707.366	967.177	
1872.56	705.947	966.004	
1874.49	705.452	964.201	
1876.41	705.553	962.958	
1878.34	705.375	962.252	
1880.27	705.143	961.336	
1882.2	705.094	960.444	
1884.13	705.317	959.81	
1886.06	705.315	959.804	
1887.99	704.42	959.989	
1889.91	703.244	959.398	
1891.84	702.463	958.418	
1893.77	701.75	957.659	
1895.7	700.73	956.84	
1897.63	699.815	955.481	
1899.56	699.453	953.915	
1901.48	699.488	952.703	
1903.41	699.265	951.917	
1905.34	698.966	950.91	
1907.27	698.995	949.867	
1909.2	698.902	949.236	
1911.13	698.628	948.529	
1913.06	698.578	947.709	
1914.98	698.47	947.236	
1916.91	698.106	946.796	
1918.84	697.84	946.208	
1920.77	697.615	945.926	
1922.7	696.735	945.99	
1924.63	694.964	945.449	
1926.56	693.719	943.478	
1928.48	693.8	941.335	
1930.41	694.394	940.123	
1932.34	694.859	939.528	
1934.27	695.058	939.23	
1936.2	695.149	939.125	
1938.13	694.592	939.42	
1940.05	693.259	939.307	
1941.98	691.849	938.209	
1943.91	691.273	936.42	
1945.84	691.821	935.026	
1947.77	692.103	934.953	
1949.7	691.356	935.048	
1951.63	690.397	934.391	
1953.55	689.498	933.453	
1955.48	688.82	932.192	
1957.41	688.664	930.834	
1959.34	688.777	929.889	
1961.27	688.71	929.296	
1963.2	688.634	928.696	
1965.12	688.52	928.391	
1967.05	687.686	928.36	
1968.98	686.247	927.565	
1970.91	685.484	925.614	
1972.84	686.234	923.711	
1974.77	687.434	923.355	
1976.7	687.545	924.168	
1978.62	686.414	924.661	
1980.55	684.931	924.098	
1982.48	684.221	922.829	
1984.41	683.944	922.089	
1986.34	683.032	921.781	
1988.27	681.88	920.77	
1990.19	681.329	919.306	
1992.12	680.941	918.225	
1994.05	680.458	917.129	
1995.98	680.071	915.792	
1997.91	680.189	914.305	
1999.84	680.907	913.256	
2001.77	681.501	913.157	
2003.69	681.173	913.532	
2005.62	680.199	913.385	
2007.55	679.186	912.586	
2009.48	678.527	911.371	
2011.41	678.566	910.149	
2013.34	678.803	909.691	
2015.27	678.157	909.778	
2017.19	676.862	909.084	
2019.12	676.327	907.399	
2021.05	676.826	906.16	
2022.98	677.003	906.123	
2024.91	676.077	906.157	
2026.84	675.095	905.178	
2028.76	674.622	903.955	
2030.69	674.299	902.946	
2032.62	674.096	901.923	
2034.55	674.064	901.025	
2036.48	673.797	900.314	
2038.41	673.885	899.303	
2040.34	674.314	898.841	
2042.26	673.926	899.105	
2044.19	672.914	898.717	
2046.12	672.456	897.618	
2048.05	672.464	897.007	
2049.98	671.791	897.012	
2051.91	670.479	896.403	
2053.83	669.569	894.88	
2055.76	669.382	893.282	
2057.69	669.602	892.081	
2059.62	669.78	891.249	
2061.55	670.184	890.483	
2063.48	670.747	890.325	
2065.41	670.498	890.928	
2067.33	669.191	891.169	
2069.26	667.858	890.347	
2071.19	666.886	889.137	
2073.12	666.212	887.699	
2075.05	666.335	886.097	
2076.98	666.97	885.258	
2078.91	667.052	885.303	
2080.83	666.432	885.238	
2082.76	665.544	884.685	
2084.69	664.747	883.708	
2086.62	664.332	882.466	
2088.55	664.358	881.347	
2090.48	664.575	880.659	
2092.4	664.512	880.404	
2094.33	664.038	880.149	
2096.26	663.49	879.645	
2098.19	662.785	879.126	
2100.12	661.874	878.314	
2102.05	661.238	876.973	
2103.97	661.392	875.57	
2105.9	661.773	874.959	
2107.83	661.552	874.883	
2109.76	660.862	874.472	
2111.69	660.267	873.649	
2113.62	659.775	872.803	
2115.55	659.304	871.876	
2117.48	659.021	870.798	
2119.4	659.041	869.795	
2121.33	659.035	869.108	
2123.26	659.01	868.455	
2125.19	659.046	867.942	
2127.12	658.825	867.723	
2129.05	658.065	867.358	
2130.97	657.673	866.306	
2132.9	657.802	865.577	
2134.83	657.43	865.487	
2136.76	656.664	864.975	
2138.69	656.086	864.031	
2140.62	655.819	863.071	
2142.54	655.808	862.342	
2144.47	655.456	862.03	
2146.4	654.656	861.448	
2148.33	654.007	860.222	
2150.26	654.201	858.801	
2152.19	654.807	858.185	
2154.12	654.825	858.321	
2156.04	654.253	858.274	
2157.97	653.454	857.833	
2159.9	652.867	857.077	
2161.83	652.29	856.467	
2163.76	651.317	855.717	
2165.69	650.735	854.223	
2167.62	650.878	852.829	
2169.54	650.994	852.018	
2171.47	651.151	851.145	
2173.4	651.704	850.503	
2175.33	651.875	850.652	
2177.26	651.314	850.793	
2179.19	650.477	850.372	
2181.12	649.902	849.539	
2183.04	649.607	848.765	
2184.97	649.228	848.162	
2186.9	648.86	847.384	
2188.83	648.829	846.57	
2190.76	648.829	846.188	
2192.69	648.49	846.024	
2194.61	647.895	845.726	
2196.54	647.129	845.261	
2198.47	646.228	844.52	
2200.4	645.442	843.316	
2202.33	645.389	841.771	
2204.26	646.179	840.817	
2206.19	646.504	841.16	
2208.11	645.432	841.609	
2210.04	644.066	840.724	
2211.97	643.712	839.155	
2213.9	643.923	838.298	
2215.83	643.775	838.086	
2217.76	643.006	837.798	
2219.68	642.034	836.876	
2221.61	641.748	835.409	
2223.54	642.066	834.454	
2225.47	641.883	834.264	
2227.4	641.046	833.706	
2229.33	640.627	832.331	
2231.26	641.009	831.163	
2233.18	641.251	830.87	
2235.11	640.8	830.67	
2237.04	640.343	829.849	
2238.97	640.351	828.955	
2240.9	640.457	828.525	
2242.83	640.165	828.392	
2244.75	639.568	828.047	
2246.68	638.769	827.43	
2248.61	638.122	826.348	
2250.54	637.96	825.081	
2252.47	638.216	824.062	
2254.4	638.545	823.485	
2256.33	638.761	823.179	
2258.25	638.968	823.085	
2260.18	638.801	823.471	
2262.11	637.806	823.939	
2264.04	636.169	823.742	
2265.97	634.507	822.567	
2267.9	633.651	820.612	
2269.83	633.827	818.816	
2271.75	634.267	817.894	
2273.68	634.207	817.445	
2275.61	633.835	816.697	
2277.54	633.721	815.613	
2279.47	633.924	814.662	
2281.4	634.308	814.007	
2283.32	634.615	813.727	
2285.25	634.736	813.705	
2287.18	634.416	813.892	
2289.11	633.632	813.889	
2291.04	632.748	813.475	
2292.97	631.842	812.874	
2294.9	630.813	812.019	
2296.82	629.987	810.666	
2298.75	629.538	809.026	
2300.68	630.056	807.251	
2302.61	631.238	806.478	
2304.54	631.667	806.96	
2306.47	630.887	807.334	
2308.39	629.915	806.733	
2310.32	629.123	805.794	
2312.25	628.261	804.514	
2314.18	628.371	802.437	
2316.11	629.785	800.999	
2318.04	630.997	801.172	
2319.97	631.281	801.843	
2321.89	630.982	802.329	
2323.82	630.175	802.679	
2325.75	628.838	802.542	
2327.68	627.745	801.486	
2329.61	627.425	800.168	
2331.54	627.62	799.324	
2333.47	627.666	799.127	
2335.39	627.147	799.126	
2337.32	626.273	798.8	
2339.25	625.298	798.115	
2341.18	624.349	797.077	
2343.11	623.653	795.636	
2345.04	623.613	793.986	
2346.96	624.184	792.795	
2348.89	624.499	792.414	
2350.82	624.163	792.043	
2352.75	623.881	791.056	
2354.68	624.023	789.99	
2356.61	624.453	789.199	
2358.54	624.952	788.782	
2360.46	625.291	788.742	
2362.39	625.148	788.91	
2364.32	624.696	788.788	
2366.25	624.459	788.405	
2368.18	624.167	788.309	
2370.11	623.709	788.263	
2372.03	622.832	788.3	
2373.96	621.27	787.913	
2375.89	620.042	786.336	
2377.82	619.88	784.474	
2379.75	620.299	783.288	
2381.68	620.448	782.724	
2383.61	620.268	782.021	
2385.53	620.573	781.003	
2387.46	621.189	780.671	
2389.39	620.95	781.049	
2391.32	620.028	780.771	
2393.25	619.605	779.67	
2395.18	619.723	778.89	
2397.1	619.46	778.612	
2399.03	619.001	777.888	
2400.96	619.113	776.869	
2402.89	619.484	776.46	
2404.82	619.334	776.535	
2406.75	618.772	776.298	
2408.68	618.373	775.694	
2410.6	617.997	775.224	
2412.53	617.429	774.666	
2414.46	617.126	773.773	
2416.39	616.976	773.1	
2418.32	616.58	772.501	
2420.25	616.409	771.502	
2422.18	616.69	770.648	
2424.1	616.902	770.295	
2426.03	617.08	770.038	
2427.96	617.008	770.123	
2429.89	616.278	770.204	
2431.82	615.584	769.566	
2433.75	615.328	768.867	
2435.67	614.92	768.535	
2437.6	614.341	767.974	
2439.53	614.092	767.203	
2441.46	613.921	766.872	
2443.39	613.078	766.834	
2445.32	611.545	766.104	
2447.25	610.473	764.096	
2449.17	610.822	761.727	
2451.1	611.942	760.331	
2453.03	613.05	759.768	
2454.96	614.07	759.721	
2456.89	614.582	760.375	
2458.82	613.966	761.215	
2460.74	612.64	761.128	
2462.67	611.811	759.949	
2464.6	611.996	758.748	
2466.53	612.387	758.445	
2468.46	612.15	758.61	
2470.39	611.429	758.42	
2472.32	610.625	757.718	
2474.24	610.234	756.564	
2476.17	610.465	755.477	
2478.1	611.001	754.969	
2480.03	611.272	755.083	
2481.96	610.87	755.403	
2483.89	609.935	755.298	
2485.82	609.152	754.536	
2487.74	608.642	753.651	
2489.67	608.441	752.704	
2491.6	608.53	751.984	
2493.53	608.259	751.633	
2495.46	607.858	750.823	
2497.39	608.295	749.733	
2499.31	608.98	749.703	
2501.24	608.589	750.435	
2503.17	607.247	750.4	
2505.1	606.189	749.163	
2507.03	606.185	747.607	
2508.96	606.77	746.77	
2510.89	607.064	746.638	
2512.81	607.101	746.524	
2514.74	607.062	746.549	
2516.67	606.382	746.827	
2518.6	605.262	746.446	
2520.53	604.67	745.333	
2522.46	604.708	744.481	
2524.39	604.614	744.283	
2526.31	603.821	744.15	
2528.24	602.879	743.255	
2530.17	602.546	741.872	
2532.1	602.832	740.783	
2534.03	603.092	740.338	
2535.96	602.838	740.075	
2537.88	602.43	739.347	
2539.81	602.534	738.292	
2541.74	603.094	737.676	
2543.67	603.502	737.73	
2545.6	603.347	738.079	
2547.53	602.563	738.207	
2549.46	601.707	737.667	
2551.38	601.444	736.816	
2553.31	601.199	736.523	
2555.24	600.398	736.236	
2557.17	599.663	735.265	
2559.1	599.289	734.092	
2561.03	599.286	732.872	
2562.95	600.025	731.804	
2564.88	600.791	731.799	
2566.81	600.644	732.363	
2568.74	599.861	732.413	
2570.67	599.056	731.908	
2572.6	598.296	731.106	
2574.53	597.982	729.874	
2576.45	598.372	728.771	
2578.38	599.064	728.434	
2580.31	599.122	728.909	
2582.24	597.983	729.194	
2584.17	596.908	728.087	
2586.1	596.96	726.561	
2588.02	597.512	725.853	
2589.95	597.743	725.724	
2591.88	597.709	725.534	
2593.81	597.779	725.303	
2595.74	597.729	725.422	
2597.67	597.263	725.702	
2599.6	596.254	725.814	
2601.52	594.803	725.286	
2603.45	593.865	723.703	
2605.38	594.363	722.017	
2607.31	595.056	721.795	
2609.24	594.658	722.15	
2611.17	593.864	721.652	
2613.1	593.574	720.738	
2615.02	593.41	720.22	
2616.95	592.943	719.755	
2618.88	592.528	718.903	
2620.81	592.4	717.955	
2622.74	592.543	717.11	
2624.67	593.071	716.579	
2626.59	592.996	716.854	
2628.52	592.003	716.651	
2630.45	591.794	715.239	
2632.38	592.476	714.46	
2634.31	592.777	714.692	
2636.24	592.399	714.912	
2638.17	591.707	714.726	
2640.09	591.166	714.149	
2642.02	590.73	713.569	
2643.95	590.283	712.879	
2645.88	590.149	711.937	
2647.81	590.586	711.185	
2649.74	591.195	711.297	
2651.66	590.619	712.287	
2653.59	588.634	712.419	
2655.52	587.087	710.619	
2657.45	587.199	708.331	
2659.38	588.186	707.11	
2661.31	589.165	706.841	
2663.24	589.674	707.233	
2665.16	589.263	707.872	
2667.09	588.182	707.884	
2669.02	587.274	707.045	
2670.95	586.834	705.923	
2672.88	586.998	704.773	
2674.81	587.707	704.1	
2676.74	588.288	704.298	
2678.66	588.258	704.965	
2680.59	587.424	705.673	
2682.52	585.598	705.856	
2684.45	583.76	704.532	
2686.38	583.335	702.274	
2688.3	584.038	700.799	
2690.23	584.618	700.426	
2692.16	584.677	700.3	
2694.09	584.413	700.005	
2696.02	584.263	699.48	
2697.95	584.14	699.139	
2699.88	583.702	698.871	
2701.81	583.239	698.218	
2703.73	583.023	697.419	
2705.66	582.972	696.69	
2707.59	583.254	696.069	
2709.52	583.421	696.044	
2711.45	582.759	696.204	
2713.38	581.861	695.45	
2715.3	581.83	694.105	
2717.23	582.488	693.455	
2719.16	582.565	693.772	
2721.09	581.6	693.775	
2723.02	580.942	692.477	
2724.95	581.669	691.013	
2726.87	582.998	690.944	
2728.8	583.347	692.221	
2730.73	582.193	693.399	
2732.66	580.28	693.406	
2734.59	578.702	692.195	
2736.52	577.91	690.486	
2738.45	578.1	688.801	
2740.38	578.808	687.931	
2742.3	579.008	687.894	
2744.23	578.479	687.636	
2746.16	578.159	686.559	
2748.09	578.879	685.439	
2750.02	579.81	685.589	
2751.95	579.425	686.564	
2753.87	578.184	686.521	
2755.8	577.513	685.425	
2757.73	577.775	684.548	
2759.66	577.79	684.69	
2761.59	576.819	684.81	
2763.52	575.742	683.855	
2765.45	575.537	682.372	
2767.37	575.926	681.449	
2769.3	576.009	681.148	
2771.23	575.714	680.614	
2773.16	575.874	679.619	
2775.09	576.542	679.096	
2777.02	576.901	679.349	
2778.94	576.524	679.669	
2780.87	575.883	679.376	
2782.8	575.949	678.68	
2784.73	576.147	678.867	
2786.66	575.112	679.489	
2788.59	573.739	678.745	
2790.51	573.47	677.237	
2792.44	573.859	676.517	
2794.37	573.944	676.506	
2796.3	573.525	676.539	
2798.23	572.864	676.328	
2800.16	571.951	675.929	
2802.09	570.702	674.972	
2804.01	570.37	672.897	
2805.94	571.635	671.234	
2807.87	572.824	671.419	
2809.8	572.753	672.136	
2811.73	572.272	672.099	
2813.66	572.013	671.911	
2815.59	571.232	672.037	
2817.51	570.1	671.411	
2819.44	569.767	670.042	
2821.37	569.793	669.209	
2823.3	569.79	668.455	
2825.23	570.471	667.644	
2827.16	571.104	668.028	
2829.09	570.416	668.993	
2831.01	568.875	668.935	
2832.94	567.545	667.749	
2834.87	567.169	666.021	
2836.8	567.755	664.756	
2838.73	568.017	664.603	
2840.66	567.256	664.299	
2842.58	566.921	662.667	
2844.51	567.998	661.024	
2846.44	569.86	660.807	
2848.37	570.778	662.347	
2850.3	569.324	664.086	
2852.23	567.077	663.476	
2854.16	566.623	661.189	
2856.08	567.828	659.936	
2858.01	568.774	660.471	
2859.94	568.318	661.527	
2861.87	566.997	661.69	
2863.8	565.904	660.877	
2865.73	565.221	659.817	
2867.66	564.874	658.562	
2869.58	565.383	657.15	
2871.51	566.685	656.61	
2873.44	567.551	657.555	
2875.37	566.773	659.085	
2877.3	564.635	659.488	
2879.23	562.686	658.063	
2881.15	562.34	655.745	
2883.08	563.334	654.361	
2885.01	563.744	654.514	
2886.94	563.105	654.374	
2888.87	563.072	653.198	
2890.8	563.621	652.706	
2892.73	563.443	652.931	
2894.65	562.955	652.457	
2896.58	563.078	651.651	
2898.51	563.458	651.513	
2900.44	563.279	651.95	
2902.37	562.129	652.17	
2904.3	560.776	651.147	
2906.22	560.878	649.187	
2908.15	562.057	648.412	
2910.08	562.383	649.085	
2912.01	561.651	649.371	
2913.94	560.966	648.781	
2915.87	560.571	648.034	
2917.8	560.564	647.189	
2919.72	561.062	646.643	
2921.65	561.335	646.923	
2923.58	560.832	647.402	
2925.51	559.84	647.348	
2927.44	558.974	646.681	
2929.37	558.558	645.833	
2931.29	558.235	645.251	
2933.22	557.836	644.653	
2935.15	557.479	643.933	
2937.08	557.168	643.152	
2939.01	557.095	642.217	
2940.94	557.485	641.439	
2942.87	557.67	641.309	
2944.79	557.478	641.134	
2946.72	557.411	640.737	
2948.65	557.18	640.657	
2950.58	556.549	640.429	
2952.51	556.034	639.679	
2954.44	555.933	638.852	
2956.37	556.004	638.332	
2958.29	555.92	638.046	
2960.22	555.627	637.723	
2962.15	555.331	637.223	
2964.08	555.128	636.691	
2966.01	554.962	636.209	
2967.94	554.771	635.744	
2977.58	553.851	633.381	
2993.01	552.453	629.612	
3008.43	551.269	625.764	
3023.86	550.652	622.071	
3039.29	549.741	619.22	
3054.72	548.524	616.238	
3070.14	547.255	613.212	
3085.57	545.942	610.204	
3101	544.623	607.179	
3116.43	543.283	604.185	
3131.86	541.947	601.18	
3147.28	540.601	598.211	
3162.71	539.257	595.231	
3178.14	537.934	592.277	
3193.57	536.6	589.358	
3209	535.282	586.434	
3224.42	533.965	583.551	
3239.85	532.67	580.668	
3255.28	531.381	577.828	
3270.71	530.127	574.994	
3286.14	528.897	572.212	
3301.56	527.731	569.451	
3316.99	526.807	566.835	
3332.42	525.5	564.746	
3347.85	523.997	562.382	
3363.28	522.422	560.037	
3378.7	520.803	557.65	
3394.13	519.07	555.305	
3409.56	517.198	552.892	
3424.99	515.21	550.35	
3440.41	513.22	547.622	
3455.84	511.265	544.78	
3471.27	509.355	541.832	
3486.7	507.556	538.769	
3502.13	505.894	535.678	
3517.55	504.348	532.618	
3532.98	502.831	529.635	
3548.41	501.367	526.649	
3563.84	499.89	523.741	
3579.27	498.374	520.803	
3594.69	496.9	517.792	
3610.12	495.495	514.766	
3625.55	494.196	511.745	
3640.98	492.903	508.832	
3656.4	491.559	505.907	
3671.83	490.242	502.883	
3687.26	489.124	499.785	
3702.69	488.162	496.846	
3718.12	487.21	494.098	
3733.54	486.164	491.464	
3748.97	485.05	488.829	
3764.4	483.905	486.192	
3779.83	482.748	483.541	
3795.26	481.6	480.888	
3810.68	480.479	478.24	
3826.11	479.356	475.644	
3841.54	478.191	473.06	
3856.97	477.018	470.446	
3872.39	475.86	467.811	
3887.82	474.751	465.172	
3903.25	473.642	462.586	
3918.68	472.505	460	
3934.11	471.408	457.367	
3949.53	470.337	454.778	
3964.96	469.259	452.199	
3980.39	468.205	449.605	
3995.82	467.2	447.028	
4011.25	466.179	444.512	
4026.67	465.162	441.973	
4042.1	464.186	439.446	
4057.53	463.218	436.972	
4072.96	462.261	434.514	
4088.38	461.28	432.111	
4103.81	460.265	429.705	
4119.24	459.259	427.278	
4134.67	458.269	424.868	
4150.1	457.265	422.482	
4165.52	456.248	420.082	
4180.95	455.283	417.663	
4196.38	454.282	415.328	
4211.81	453.261	412.942	
4227.24	452.263	410.542	
4242.66	451.29	408.146	
4258.09	450.338	405.769	
4273.52	449.378	403.418	
4288.95	448.414	401.058	
4304.38	447.477	398.686	
4319.8	446.564	396.351	
4335.23	445.626	394.051	
4350.66	444.684	391.725	
4366.09	443.77	389.405	
4381.51	442.836	387.119	
4396.94	441.914	384.8	
4412.37	441.014	382.499	
4427.8	440.112	380.224	
4443.23	439.208	377.942	
4458.65	438.324	375.662	
4474.08	437.445	373.409	
4489.51	436.556	371.163	
4504.94	435.674	368.912	
4520.37	434.799	366.675	
4535.79	433.924	364.446	
4551.22	433.036	362.223	
4566.65	432.174	359.972	
4582.08	431.328	357.751	
4597.5	430.483	355.541	
4612.93	429.638	353.34	
4628.36	428.806	351.137	
4643.79	427.972	348.959	
4659.22	427.146	346.777	
4674.64	426.312	344.616	
4690.07	425.486	342.437	
4705.5	424.675	340.272	
4720.93	423.879	338.121	
4736.35	423.069	336.004	
4751.78	422.25	333.878	
4767.21	421.424	331.758	
4782.64	420.608	329.62	
4798.07	419.803	327.495	
4813.49	419.021	325.371	
4828.92	418.229	323.295	
4844.35	417.395	321.215	
4859.78	416.59	319.08	
4875.21	415.808	316.989	
4890.63	415.008	314.916	
4906.06	414.189	312.83	
4921.49	413.386	310.715	
4936.92	412.617	308.605	
4952.35	411.845	306.53	
4967.77	411.068	304.447	
4983.2	410.291	302.359	
4998.63	409.539	300.259	
5014.06	408.798	298.184	
5029.48	408.074	296.108	
5044.91	407.344	294.065	
5060.34	406.621	292.004	
5075.77	405.909	289.968	
5091.2	405.197	287.939	
5106.62	404.495	285.92	
5122.05	403.789	283.921	
5137.48	403.087	281.93	
5152.91	402.363	279.967	
5168.34	401.636	277.983	
5183.76	400.896	276.016	
5199.19	400.169	274.02	
5214.62	399.441	272.057	
5230.05	398.703	270.085	
5245.47	397.968	268.108	
5260.9	397.23	266.137	
5276.33	396.485	264.158	
5291.76	395.752	262.164	
5307.19	395.027	260.178	
5322.61	394.304	258.187	
5338.04	393.593	256.192	
5353.47	392.885	254.205	
5368.9	392.175	252.212	
5384.33	391.497	250.194	
5399.75	390.833	248.212	
5415.18	390.184	246.226	
5430.61	389.534	244.272	
5446.04	388.885	242.311	
5461.46	388.253	240.361	
5476.89	387.613	238.439	
5492.32	386.975	236.511	
5507.75	386.322	234.611	
5523.18	385.657	232.689	
5538.6	385.015	230.753	
5554.03	384.385	228.85	
5569.46	383.738	226.961	
5584.89	383.079	225.063	
5600.32	382.424	223.16	
5615.74	381.766	221.261	
5631.17	381.106	219.356	
5646.6	380.441	217.444	
5662.03	379.798	215.504	
5677.46	379.191	213.575	
5692.88	378.59	211.688	
5708.31	377.968	209.815	
5723.74	377.328	207.933	
5739.17	376.693	206.033	
5754.59	376.072	204.127	
5770.02	375.464	202.229	
5785.45	374.861	200.336	
5800.88	374.264	198.448	
5816.31	373.671	196.565	
5831.73	373.084	194.688	
5847.16	372.494	192.826	
5862.59	371.901	190.957	
5878.02	371.308	189.092	
5893.44	370.718	187.22	
5908.87	370.144	185.342	
5924.3	369.584	183.481	
5939.73	369.026	181.636	
5955.16	368.457	179.805	
5970.58	367.882	177.965	
5986.01	367.303	176.129	
6001.44	366.727	174.286	
6016.87	366.159	172.435	
6032.3	365.606	170.588	
6047.72	365.058	168.757	
6063.15	364.515	166.93	
6078.58	363.964	165.127	
6094.01	363.399	163.316	
6109.44	362.841	161.496	
6124.86	362.279	159.691	
6140.29	361.712	157.878	
6155.72	361.14	156.066	
6171.15	360.566	154.235	
6186.57	360	152.396	
6202	359.454	150.538	
6217.43	358.933	148.694	
6232.86	358.424	146.864	
6248.29	357.921	145.047	
6263.71	357.42	143.244	
6279.14	356.918	141.453	
6294.57	356.412	139.676	
6310	355.886	137.911	
6325.43	355.348	136.126	
6340.85	354.819	134.331	
6356.28	354.303	132.538	
6371.71	353.798	130.757	
6387.14	353.271	129.012	
6402.56	352.715	127.235	
6417.99	352.163	125.437	
6433.42	351.621	123.629	
6448.85	351.08	121.811	
6464.28	350.569	119.959	
6479.7	350.086	118.141	
6495.13	349.611	116.322	
6510.56	349.142	114.526	
6525.99	348.671	112.73	
6541.42	348.215	110.933	
6556.84	347.764	109.169	
6572.27	347.296	107.418	
6587.7	346.813	105.668	
6603.13	346.316	103.907	
6618.55	345.813	102.136	
6633.98	345.307	100.342	
6649.41	344.833	98.5103	
6664.84	344.405	96.7072	
6680.27	343.975	94.9483	
6695.69	343.52	93.191	
6711.12	343.054	91.4226	
6726.55	342.603	89.6283	
6741.98	342.176	87.8521	
6757.41	341.741	86.098	
6772.83	341.299	84.3203	
6788.26	340.888	82.5362	
6803.69	340.504	80.7799	
6819.12	340.109	79.08	
6834.54	339.674	77.3841	
6849.97	339.199	75.6928	
6865.4	338.695	73.9355	
6880.83	338.236	72.1221	
6896.26	337.839	70.3293	
6911.68	337.457	68.5882	
6927.11	337.044	66.8846	
6942.54	336.603	65.1485	
6957.97	336.172	63.4073	
6973.4	335.738	61.6749	
6988.82	335.286	59.9433	
7004.25	334.815	58.1769	
7019.68	334.362	56.3678	
7035.11	333.951	54.545	
7050.53	333.571	52.7335	
7065.96	333.21	50.9363	
7081.39	332.854	49.1563	
7096.82	332.505	47.3689	
7112.25	332.174	45.5949	
7127.67	331.85	43.8373	
7143.1	331.531	42.0845	
7158.53	331.22	40.3471	
7173.96	330.903	38.6299	
7189.39	330.588	36.893	
7204.81	330.299	35.1911	
7220.24	330	33.523	
7235.67	329.659	31.8983	
7251.1	329.244	30.2543	
7266.52	328.79	28.5296	
7281.95	328.373	26.7116	
7297.38	328.054	24.8655	
7312.81	327.8	23.1026	
7328.24	327.492	21.4008	
7343.66	327.129	19.5958	
7359.09	326.886	17.6612	
7374.52	326.873	15.8099	
7389.95	326.915	14.2899	
7405.38	326.699	12.9651	
7420.8	326.181	11.5035	
7436.23	325.615	9.70028	
7451.66	325.319	7.68651	
7467.09	325.323	5.8692	
7482.52	325.296	4.36086	
7497.94	325.042	2.87302	
7513.37	324.72	1.2166	
7528.8	324.512	-0.4859	
7544.23	324.393	-2.11521	
7559.65	324.248	-3.60464	
7575.08	323.991	-5.12083	
7590.51	323.727	-6.69846	
7605.94	323.509	-8.27936	
7621.37	323.312	-9.82368	
7636.79	323.103	-11.3284	
7652.22	322.857	-12.8246	
7667.65	322.609	-14.3574	
7683.08	322.396	-15.8595	
7698.51	322.185	-17.3284	
7713.93	321.958	-18.7395	
7729.36	321.671	-20.1118	
7744.79	321.307	-21.4954	
7760.22	320.895	-22.9347	
7775.64	320.476	-24.4236	
7791.07	320.069	-25.9574	
7806.5	319.696	-27.5353	
7821.93	319.386	-29.1142	
7837.36	319.123	-30.6538	
7852.78	318.868	-32.1317	
7868.21	318.589	-33.5899	
7883.64	318.322	-35.0338	
7899.07	318.056	-36.3769	
7914.5	317.681	-37.6619	
7929.92	317.2	-39.0152	
7945.35	316.702	-40.4143	
7960.78	316.173	-41.8495	
7976.21	315.635	-43.4028	
7991.63	315.219	-45.03	
8007.06	314.953	-46.5545	
8022.49	314.696	-47.8799	
8037.92	314.25	-49.0184	
8053.35	313.507	-50.2962	
8068.77	312.725	-51.8763	
8084.2	312.163	-53.5867	
8099.63	311.801	-55.161	
8115.06	311.406	-56.4804	
8130.49	310.757	-57.7458	
8145.91	309.882	-59.1153	
8161.34	308.882	-60.8248	
8176.77	308.091	-62.8837	
8192.2	307.74	-64.9603	
8207.62	307.68	-66.6671	
8223.05	307.515	-67.9755	
8238.48	306.994	-69.0646	
8253.91	306.041	-70.2967	
8269.34	304.883	-71.9134	
8284.76	303.816	-73.922	
8300.19	303.061	-76.1973	
8315.62	302.736	-78.4043	
8331.05	302.629	-80.24	
8346.48	302.354	-81.727	
8361.9	301.706	-83.2168	
8377.33	300.886	-85.0126	
8392.76	300.213	-87.0069	
8408.19	299.721	-89.0309	
8423.61	299.344	-90.9812	
8439.04	298.999	-92.8384	
8454.47	298.612	-94.5912	
8469.9	298.114	-96.3883	
8485.33	297.616	-98.2086	
8500.75	297.077	-100.057	
8516.18	296.502	-102.008	
8531.61	295.988	-104.079	
8547.04	295.597	-106.175	
8562.47	295.294	-108.309	
8577.89	295.155	-110.397	
8593.32	295.119	-112.29	
8608.75	294.974	-113.983	
8624.18	294.614	-115.778	
8639.6	294.319	-117.682	
8655.03	294.123	-119.5	
8670.46	293.847	-121.248	
8685.89	293.456	-123.041	
8701.32	293.045	-125.006	
8716.74	292.798	-127.026	
8732.17	292.674	-128.96	
8747.6	292.547	-130.778	
8763.03	292.343	-132.55	
8778.46	292.087	-134.371	
8793.88	291.867	-136.183	
8809.31	291.624	-137.996	
8824.74	291.379	-139.774	
8840.17	291.056	-141.598	
8855.59	290.751	-143.486	
8871.02	290.496	-145.422	
8886.45	290.325	-147.29	
8901.88	290.084	-149.116	
8917.31	289.787	-151.033	
8932.73	289.582	-152.961	
8948.16	289.375	-154.891	
8963.59	289.195	-156.836	
8979.02	289.057	-158.782	
8994.45	288.96	-160.685	
9009.87	288.85	-162.566	
9025.3	288.745	-164.417	
9040.73	288.604	-166.238	
9056.16	288.396	-168.14	
9071.59	288.278	-170.095	
9087.01	288.244	-171.995	
9102.44	288.197	-173.819	
9117.87	288.087	-175.644	
9133.3	287.982	-177.477	
9148.72	287.855	-179.305	
9164.15	287.696	-181.205	
9179.58	287.632	-183.118	
9195.01	287.596	-184.987	
9210.44	287.554	-186.831	
9225.86	287.52	-188.629	
9241.29	287.426	-190.378	
9256.72	287.211	-192.211	
9272.15	287.042	-194.163	
9287.58	286.984	-196.165	
9303	287.056	-198.074	
9318.43	287.076	-199.885	
9333.86	287.016	-201.713	
9349.29	286.97	-203.568	
9364.71	286.919	-205.466	
9380.14	286.943	-207.363	
9395.57	286.989	-209.24	
9411	287.089	-211.035	
9426.43	287.108	-212.765	
9441.85	287.048	-214.518	
9457.28	286.966	-216.335	
9472.71	286.924	-218.186	
9488.14	286.91	-220.028	
9503.57	286.897	-221.839	
9518.99	286.826	-223.674	
9534.42	286.775	-225.561	
9549.85	286.765	-227.49	
9565.28	286.85	-229.375	
9580.7	286.907	-231.197	
9596.13	286.924	-233.015	
9611.56	286.93	-234.852	
9626.99	286.945	-236.68	
9642.42	286.902	-238.549	
9657.84	286.905	-240.483	
9673.27	286.991	-242.413	
9688.7	287.105	-244.293	
9704.13	287.2	-246.144	
9719.56	287.284	-248.003	
9734.98	287.402	-249.846	
9750.41	287.503	-251.647	
9765.84	287.541	-253.462	
9781.27	287.594	-255.295	
9796.69	287.609	-257.139	
9812.12	287.593	-259.062	
9827.55	287.648	-261.067	
9842.98	287.82	-263.072	
9858.41	288.052	-265.022	
9873.83	288.318	-266.875	
9889.26	288.491	-268.678	
9904.69	288.603	-270.546	
9920.12	288.786	-272.461	
9935.55	289.011	-274.363	
9950.97	289.278	-276.22	
9966.4	289.506	-278.057	
9981.83	289.778	-279.858	
9997.26	289.958	-281.647	
10012.7	290.157	-283.474	
10028.1	290.347	-285.333	
10043.5	290.609	-287.194	
10059	290.863	-289.038	
10074.4	291.163	-290.866	
10089.8	291.455	-292.661	
10105.3	291.769	-294.407	
10120.7	291.99	-296.135	
10136.1	292.202	-297.911	
10151.5	292.434	-299.702	
10167	292.657	-301.511	
10182.4	292.929	-303.322	
10197.8	293.195	-305.1	
10213.3	293.424	-306.89	
10228.7	293.673	-308.704	
10244.1	293.913	-310.534	
10259.5	294.172	-312.402	
10275	294.479	-314.307	
10290.4	294.902	-316.174	
10305.8	295.293	-317.975	
10321.2	295.711	-319.752	
10336.7	296.096	-321.496	
10352.1	296.477	-323.233	
10367.5	296.82	-324.987	
10383	297.216	-326.765	
10398.4	297.641	-328.509	
10413.8	298.066	-330.211	
10429.2	298.461	-331.871	
10444.7	298.752	-333.586	
10460.1	299.15	-335.385	
10475.5	299.649	-337.112	
10491	300.094	-338.738	
10506.4	300.438	-340.38	
10521.8	300.799	-342.095	
10537.2	301.217	-343.824	
10552.7	301.668	-345.523	
10568.1	302.12	-347.198	
10583.5	302.608	-348.824	
10598.9	302.999	-350.424	
10614.4	303.416	-352.052	
10629.8	303.796	-353.683	
10645.2	304.202	-355.334	
10660.7	304.603	-356.997	
10676.1	305.071	-358.634	
10691.5	305.438	-360.263	
10706.9	305.892	-361.94	
10722.4	306.351	-363.578	
10737.8	306.808	-365.213	
10753.2	307.301	-366.829	
10768.7	307.762	-368.415	
10784.1	308.219	-370.015	
10799.5	308.711	-371.603	
10814.9	309.17	-373.173	
10830.4	309.662	-374.74	
10845.8	310.121	-376.289	
10861.2	310.614	-377.834	
10876.6	311.078	-379.35	
10892.1	311.542	-380.856	
10907.5	311.973	-382.346	
10922.9	312.36	-383.867	
10938.4	312.814	-385.39	
10953.8	313.163	-386.902	
10969.2	313.559	-388.507	
10984.6	314.071	-390.065	
11000.1	314.455	-391.556	
11015.5	314.811	-393.15	
11030.9	315.248	-394.835	
11046.4	315.876	-396.478	
11061.8	316.511	-397.953	
11077.2	317.072	-399.297	
11092.6	317.361	-400.694	
11108.1	317.78	-402.287	
11123.5	318.315	-403.851	
11138.9	318.921	-405.286	
11154.4	319.376	-406.599	
11169.8	319.661	-407.988	
11185.2	319.918	-409.597	
11200.6	320.485	-411.29	
11216.1	321.154	-412.757	
11231.5	321.639	-414.081	
11246.9	321.976	-415.521	
11262.3	322.465	-417.084	
11277.8	323.057	-418.553	
11293.2	323.615	-419.882	
11308.6	323.985	-421.197	
11324.1	324.362	-422.613	
11339.5	324.726	-424.066	
11354.9	325.11	-425.579	
11370.3	325.554	-427.138	
11385.8	326.123	-428.668	
11401.2	326.681	-430.109	
11416.6	327.252	-431.511	
11432.1	327.801	-432.859	
11447.5	328.324	-434.165	
11462.9	328.777	-435.444	
11478.3	329.182	-436.747	
11493.8	329.587	-438.05	
11509.2	329.857	-439.397	
11524.6	330.25	-440.851	
11540	330.662	-442.24	
11555.5	330.991	-443.64	
11570.9	331.366	-445.133	
11586.3	331.874	-446.593	
11601.8	332.284	-447.978	
11617.2	332.71	-449.437	
11632.6	333.263	-450.878	
11648	333.831	-452.163	
11663.5	334.229	-453.351	
11678.9	334.475	-454.615	
11694.3	334.658	-456.05	
11709.8	334.992	-457.637	
11725.2	335.503	-459.187	
11740.6	336.074	-460.574	
11756	336.471	-461.867	
11771.5	336.78	-463.284	
11786.9	337.218	-464.801	
11802.3	337.699	-466.315	
11817.8	338.41	-467.779	
11833.2	339.215	-468.886	
11848.6	339.535	-469.707	
11864	339.412	-470.796	
11879.5	339.329	-472.329	
11894.9	339.448	-474.103	
11910.3	339.883	-475.942	
11925.7	340.553	-477.62	
11941.2	341.22	-479.088	
11956.6	341.849	-480.437	
11972	342.319	-481.747	
11987.5	342.804	-483.131	
12002.9	343.288	-484.517	
12018.3	343.82	-485.893	
12033.7	344.323	-487.233	
12049.2	344.884	-488.538	
12064.6	345.354	-489.743	
12080	345.672	-490.997	
12095.5	346.018	-492.394	
12110.9	346.482	-493.825	
12126.3	347.02	-495.19	
12141.7	347.621	-496.404	
12157.2	347.968	-497.476	
12172.6	348.105	-498.723	
12188	348.374	-500.189	
12203.4	348.786	-501.635	
12218.9	349.178	-503.022	
12234.3	349.601	-504.442	
12249.7	350.204	-505.761	
12265.2	350.587	-506.85	
12280.6	350.691	-508.05	
12296	350.806	-509.539	
12311.4	351.202	-511.119	
12326.9	351.691	-512.487	
12342.3	351.904	-513.746	
12357.7	351.941	-515.29	
12373.2	352.317	-517.115	
12388.6	352.985	-518.813	
12404	353.712	-520.278	
12419.4	354.441	-521.537	
12434.9	354.91	-522.642	
12450.3	355.187	-523.855	
12465.7	355.422	-525.26	
12481.1	355.849	-526.765	
12496.6	356.327	-528.16	
12512	356.73	-529.509	
12527.4	357.107	-530.915	
12542.9	357.57	-532.342	
12558.3	358.003	-533.73	
12573.7	358.55	-535.083	
12589.1	358.989	-536.255	
12604.6	359.118	-537.464	
12620	359.189	-538.994	
12635.4	359.56	-540.713	
12650.9	360.091	-542.303	
12666.3	360.566	-543.806	
12681.7	361.122	-545.345	
12697.1	361.773	-546.794	
12712.6	362.392	-548.106	
12728	362.971	-549.301	
12743.4	363.29	-550.415	
12758.8	363.338	-551.773	
12774.3	363.666	-553.473	
12789.7	364.304	-555.057	
12805.1	364.873	-556.376	
12820.6	365.254	-557.668	
12836	365.567	-559.094	
12851.4	365.989	-560.607	
12866.8	366.433	-562.075	
12882.3	366.793	-563.61	
12897.7	367.491	-565.185	
12913.1	368.034	-566.461	
12928.6	368.324	-567.832	
12944	368.739	-569.458	
12959.4	369.443	-571.028	
12974.8	370.09	-572.312	
12990.3	370.367	-573.605	
13005.7	370.723	-575.247	
13021.1	371.428	-576.923	
13036.6	372.16	-578.352	
13052	372.769	-579.715	
13067.4	373.396	-581.145	
13082.8	374.159	-582.523	
13098.3	374.872	-583.698	
13113.7	375.268	-584.872	
13129.1	375.8	-586.291	
13144.5	376.481	-587.632	
13160	377.142	-588.814	
13175.4	377.682	-589.923	
13190.8	378.179	-591.013	
13206.3	378.47	-592.085	
13221.7	378.659	-593.349	
13237.1	379.037	-594.76	
13252.5	379.571	-595.984	
13268	379.729	-597.001	
13283.4	379.544	-598.347	
13298.8	379.571	-600.198	
13314.3	380.165	-602.108	
13329.7	380.857	-603.644	
13345.1	381.424	-605.009	
13360.5	381.88	-606.38	
13376	382.395	-607.743	
13391.4	382.675	-609.031	
13406.8	382.903	-610.509	
13422.2	383.173	-612.111	
13437.7	383.508	-613.797	
13453.1	383.895	-615.586	
13468.5	384.57	-617.462	
13484	385.559	-619.086	
13499.4	386.32	-620.326	
13514.8	386.853	-621.568	
13530.2	387.295	-622.871	
13545.7	387.504	-624.286	
13561.1	387.809	-626.025	
13576.5	388.401	-627.861	
13592	389.179	-629.577	
13607.4	390.061	-631.118	
13622.8	390.887	-632.461	
13638.2	391.618	-633.674	
13653.7	392.114	-634.797	
13669.1	392.303	-636.049	
13684.5	392.395	-637.663	
13699.9	392.678	-639.642	
13715.4	393.471	-641.747	
13730.8	394.632	-643.533	
13746.2	395.777	-644.858	
13761.7	396.535	-645.946	
13777.1	397.017	-647.202	
13792.5	397.534	-648.7	
13807.9	398.176	-650.287	
13823.4	399.026	-651.828	
13838.8	399.884	-653.157	
13854.2	400.657	-654.336	
13869.7	401.169	-655.452	
13885.1	401.532	-656.72	
13900.5	401.869	-658.131	
13915.9	402.126	-659.674	
13931.4	402.405	-661.479	
13946.8	402.944	-663.552	
13962.2	404.044	-665.601	
13977.7	405.315	-667.177	
13993.1	406.368	-668.417	
14008.5	407.207	-669.611	
14023.9	407.9	-670.849	
14039.4	408.449	-672.225	
14054.8	409.19	-673.79	
14070.2	410.143	-675.21	
14085.6	410.973	-676.335	
14101.1	411.392	-677.428	
14116.5	411.568	-678.919	
14131.9	412.103	-680.831	
14147.4	412.986	-682.682	
14162.8	413.979	-684.36	
14178.2	415.099	-685.938	
14193.6	416.376	-687.267	
14209.1	417.459	-688.206	
14224.5	418.031	-689.065	
14239.9	418.4	-690.255	
14255.4	418.787	-691.718	
14270.8	419.314	-693.364	
14286.2	420.055	-695.072	
14301.6	420.985	-696.682	
14317.1	421.892	-698.128	
14332.5	422.758	-699.546	
14347.9	423.626	-700.961	
14363.3	424.522	-702.334	
14378.8	425.321	-703.662	
14394.2	426.151	-705.047	
14409.6	427.044	-706.334	
14425.1	427.608	-707.533	
14440.5	428.007	-709.102	
14455.9	428.838	-711.009	
14471.3	429.974	-712.741	
14486.8	431.19	-714.248	
14502.2	432.454	-715.581	
14517.6	433.674	-716.678	
14533.1	434.628	-717.584	
14548.5	435.203	-718.579	
14563.9	435.688	-719.926	
14579.3	436.311	-721.573	
14594.8	437.313	-723.347	
14610.2	438.638	-724.923	
14625.6	440.061	-726.14	
14641	441.304	-727.02	
14656.5	442.146	-727.812	
14671.9	442.754	-728.874	
14687.3	443.595	-730.197	
14702.8	444.664	-731.367	
14718.2	445.694	-732.178	
14733.6	446.108	-732.821	
14749	446.131	-733.984	
14764.5	446.42	-735.777	
14779.9	447.35	-737.709	
14795.3	448.582	-739.271	
14810.8	449.755	-740.507	
14826.2	450.81	-741.617	
14841.6	451.771	-742.668	
14857	452.635	-743.661	
14872.5	453.322	-744.62	
14887.9	453.72	-745.723	
14903.3	454.124	-747.243	
14918.8	455.097	-748.927	
14934.2	456.143	-750.177	
14949.6	456.92	-751.216	
14965	457.252	-752.429	
14980.5	457.638	-754.201	
14995.9	458.5	-756.292	
15011.3	459.905	-758.279	
15026.7	461.658	-759.831	
15042.2	463.351	-760.834	
15057.6	464.625	-761.533	
15073	465.576	-762.314	
15088.5	466.421	-763.267	
15103.9	467.267	-764.331	
15119.3	468.148	-765.449	
15134.7	469.109	-766.55	
15150.2	469.964	-767.603	
15165.6	470.916	-768.723	
15181	471.863	-769.744	
15196.5	472.789	-770.692	
15211.9	473.543	-771.584	
15227.3	474.248	-772.558	
15242.7	474.877	-773.545	
15258.2	475.388	-774.613	
15273.6	475.851	-775.869	
15289	476.502	-777.267	
15304.4	477.204	-778.585	
15319.9	477.749	-779.935	
15335.3	478.309	-781.596	
15350.7	479.391	-783.425	
15366.2	480.7	-784.895	
15381.6	481.929	-786.053	
15397	482.862	-787.128	
15412.4	483.765	-788.365	
15427.9	484.622	-789.68	
15443.3	485.592	-791.152	
15458.7	486.844	-792.627	
15474.2	488.253	-793.854	
15489.6	489.537	-794.834	
15505	490.733	-795.731	
15520.4	491.664	-796.604	
15535.9	492.6	-797.698	
15551.3	493.715	-798.847	
15566.7	495.001	-799.836	
15582.1	496.149	-800.594	
15597.6	497.246	-801.32	
15613	498.376	-801.877	
15628.4	499.207	-802.116	
15643.9	499.389	-802.375	
15659.3	499.263	-803.136	
15674.7	499.092	-804.432	
15690.1	499.246	-806.235	
15705.6	500.102	-808.17	
15721	501.382	-809.651	
15736.4	502.61	-810.526	
15751.9	503.189	-811.064	
15767.3	503.259	-811.849	
15782.7	502.752	-813.218	
15798.1	502.481	-815.705	
15813.6	503.478	-818.816	
15829	505.736	-821.305	
15844.4	508.071	-822.521	
15859.9	509.657	-823.082	
15875.3	510.764	-823.711	
15890.7	511.488	-824.496	
15906.1	511.993	-825.635	
15921.6	512.595	-827.207	
15937	513.655	-828.98	
15952.4	515	-830.533	
15967.8	516.252	-831.888	
15983.3	517.52	-833.339	
15998.7	519.055	-834.838	
16014.1	520.873	-836.119	
16029.6	522.781	-837.019	
16045	524.638	-837.525	
16060.4	526.204	-837.667	
16075.8	527.461	-837.592	
16091.3	528.255	-837.31	
16106.7	528.309	-837.045	
16122.1	527.549	-837.402	
16137.6	526.969	-838.787	
16153	526.875	-840.574	
16168.4	527.026	-842.44	
16183.8	527.266	-844.519	
16199.3	528.005	-846.87	
16214.7	529.103	-849.124	
16230.1	530.47	-851.305	
16245.5	532.33	-853.303	
16261	534.302	-854.761	
16276.4	536.056	-855.85	
16291.8	537.556	-856.87	
16307.3	539.017	-857.956	
16322.7	540.489	-859.029	
16338.1	542.087	-860.021	
16353.5	543.717	-860.715	
16369	545.042	-861.045	
16384.4	545.617	-861.384	
16399.8	545.848	-862.415	
16415.3	546.513	-864.095	
16430.7	547.775	-865.785	
16446.1	549.15	-867.164	
16461.5	550.446	-868.556	
16477	552.319	-869.995	
16492.4	554.402	-870.709	
16507.8	555.685	-870.873	
16523.2	556.439	-871.416	
16538.7	557.233	-872.403	
16554.1	558.061	-873.588	
16569.5	558.999	-875.098	
16585	560.677	-876.765	
16600.4	562.699	-877.857	
16615.8	564.488	-878.45	
16631.2	566.03	-878.948	
16646.7	567.66	-879.297	
16662.1	568.781	-879.218	
16677.5	569.02	-879.358	
16693	568.9	-880.501	
16708.4	569.579	-882.614	
16723.8	571.393	-884.735	
16739.2	573.971	-886.074	
16754.7	576.465	-886.384	
16770.1	578.327	-886.073	
16785.5	579.342	-885.778	
16801	580.129	-886.012	
16816.4	581.147	-886.504	
16831.8	582.322	-886.853	
16847.2	583.443	-886.895	
16862.7	583.988	-886.748	
16878.1	583.976	-887.05	
16893.5	584.165	-888.069	
16908.9	584.917	-889.299	
16924.4	586.084	-890.2	
16939.8	586.961	-890.674	
16955.2	587.448	-891.298	
16970.7	588.124	-892.265	
16986.1	588.988	-893.168	
17001.5	589.748	-893.985	
17016.9	590.62	-894.876	
17032.4	591.599	-895.576	
17047.8	592.148	-896.092	
17063.2	592.282	-897.074	
17078.7	592.946	-898.749	
17094.1	594.696	-900.129	
17109.5	596.079	-900.389	
17124.9	596.292	-900.682	
17140.4	596.562	-901.973	
17155.8	597.487	-903.605	
17171.2	598.847	-905.011	
17186.6	600.358	-906.153	
17202.1	602.057	-907.1	
17217.5	603.924	-907.744	
17232.9	606.109	-907.815	
17248.4	607.969	-906.783	
17263.8	608.306	-905.01	
17279.2	606.791	-903.958	
17294.6	604.759	-904.837	
17310.1	603.898	-907.213	
17325.5	604.402	-909.623	
17340.9	605.385	-911.308	
17356.4	606.047	-912.595	
17371.8	606.528	-914.211	
17387.2	607.653	-916.21	
17402.6	609.684	-917.704	
17418.1	611.605	-917.996	
17433.5	612.405	-917.636	
17448.9	611.965	-917.825	
17464.3	611.487	-919.35	
17479.8	612.206	-921.533	
17495.2	613.773	-923.039	
17510.6	615.005	-923.598	
17526.1	615.251	-924.094	
17541.5	615.291	-925.388	
17556.9	615.852	-927.159	
17572.3	616.742	-928.906	
17587.8	618.177	-930.53	
17603.2	620.008	-931.444	
17618.6	621.262	-931.405	
17634.1	621.351	-931.04	
17649.5	619.784	-931.385	
17664.9	617.552	-933.903	
17680.3	616.702	-938.877	
17695.8	619.261	-944.739	
17711.2	625.056	-948.489	
17726.6	631.345	-948.105	
17742	634.407	-944.524	
17757.5	633.001	-941.495	
17772.9	629.899	-942.145	
17788.3	628.683	-946.146	
17803.8	631.393	-950.431	
17819.2	635.699	-951.585	
17834.6	637.722	-950.027	
17850	636.634	-949.159	
17865.5	635.007	-951.162	
17880.9	635.286	-955.227	
17896.3	638.546	-959.028	
17911.8	643.147	-960.148	
17927.2	645.823	-958.731	
17942.6	645.626	-957.682	
17958	644.801	-959.11	
17973.5	645.783	-962.254	
17988.9	649.117	-964.818	
18004.3	653.145	-965.084	
18019.8	655.627	-963.397	
18035.2	655.644	-961.767	
18050.6	654.372	-962.242	
18066	654.851	-964.87	
18081.5	658.329	-966.6	
18096.9	661.163	-965.134	
18112.3	660.888	-962.804	
18127.7	658.705	-962.557	
18143.2	657.426	-964.708	
18158.6	658.029	-967.267	
18174	659.138	-968.884	
18189.5	659.837	-970.206	
18204.9	660.938	-971.844	
18220.3	662.71	-972.996	
18235.7	664.137	-973.116	
18251.2	664.422	-972.926	
18266.6	664.225	-973.18	
18282	663.53	-973.599	
18297.5	661.584	-974.669	
18312.9	659.168	-977.798	
18328.3	658.199	-983.356	
18343.7	661.218	-989.634	
18359.2	667.685	-992.596	
18374.6	672.354	-990.324	
18390	670.833	-986.881	
18405.4	665.566	-988.362	
18420.9	663.118	-995.975	
18436.3	668.007	-1004.84	
18451.7	678.372	-1007.8	
18467.2	685.832	-1001.99	
18482.6	682.957	-993.502	
18498	672.191	-992.215	
18513.4	662.964	-1001.92	
18528.9	663.537	-1017.84	
18544.3	675.397	-1030.28	
18559.7	690.647	-1031.46	
18575.2	697.614	-1023.86	
18590.6	693.997	-1018.82	
18606	689.512	-1023.3	
18621.4	693.06	-1032.37	
18636.9	702.356	-1036.92	
18652.3	709.894	-1035.12	
18667.7	711.91	-1032.04	
18683.1	711.175	-1032.81	
18698.6	713.114	-1037.37	
18714	718.529	-1041.73	
18729.4	725.474	-1043.91	
18744.9	732.653	-1044	
18760.3	739.175	-1042.33	
18775.7	744.028	-1039.83	
18791.1	748.584	-1037.51	
18806.6	753.025	-1034.32	
18822	755.638	-1030.11	
18837.4	756.159	-1026.73	
18852.9	756.64	-1025.01	
18868.3	757.608	-1023.66	
18883.7	757.749	-1022.47	
18899.1	757.823	-1022.69	
18914.6	759.569	-1023.79	
18930	762.526	-1024.06	
18945.4	765.767	-1022.97	
18960.9	768.251	-1020.4	
18976.3	766.461	-1020.15	
