100.281	2963.64	16429.2
100.924	2870.9	16377.4
101.567	2771.33	16326
102.21	2681.96	16275
102.852	2598.51	16242.4
103.495	2538.65	16304.8
104.138	2186.68	16356.3
104.781	1891.46	16204.2
105.424	1629.97	15994.4
106.067	1383.15	15692.6
106.709	1261.15	15289
107.352	1340.64	14899.4
107.995	1554.13	14659.8
108.638	1749.22	14603.6
109.281	1820.65	14653
109.924	1761.85	14694.1
110.566	1650.95	14667.7
111.209	1540.36	14591.7
111.852	1428.17	14488.7
112.495	1315.02	14357.3
113.138	1199.43	14180
113.781	1119.6	13910.2
114.423	1289.24	13723.5
115.066	1278.8	13675.3
115.709	1260.63	13571.3
116.352	1241.46	13458.8
116.995	1221.58	13339.9
117.637	1200.77	13212.7
118.28	1178.12	13070.4
118.923	1147.84	12869.7
119.566	1245.04	12623.6
120.209	1510.94	12522.1
120.852	1610.43	12583.4
121.494	1610.81	12607.9
122.137	1601.98	12584.6
122.78	1590.16	12545.2
123.423	1576.28	12494.6
124.066	1560.26	12432.1
124.709	1534.62	12317.9
125.351	1694.54	12281.5
125.994	1580.23	12317.7
126.637	1546.97	12191.3
127.28	1607.82	12085.5
127.923	1682.76	12057
128.566	1682.66	12054.7
129.208	1666.4	11997.8
129.851	1722.28	11910.8
130.494	1878.65	11907.1
131.137	1988.22	12068.8
131.78	1892.9	12308.8
132.423	1584.2	12420.7
133.065	1279.36	12300.8
133.708	1120.43	12055.6
134.351	1107.18	11822.1
134.994	1154.21	11657.5
135.637	1221.2	11558.1
136.279	1270.46	11516
136.922	1269.8	11505.1
137.565	1197.02	11459.9
138.208	1147.21	11341.8
138.851	1172.66	11211.5
139.494	1245.68	11140
140.136	1276.6	11129.9
140.779	1243.16	11112.6
141.422	1198.14	11046.6
142.065	1188.81	10959.2
142.708	1187.98	10878.1
143.351	1194.81	10799.8
143.993	1192.15	10711.7
144.636	1213.81	10598
145.279	1282.5	10476.6
145.922	1422.33	10391.6
146.565	1585.83	10393.1
147.208	1711.17	10482.7
147.85	1737.78	10605.6
148.493	1710.29	10689.7
149.136	1702.4	10749.7
149.779	1710.28	10861
150.422	1628.29	11048.9
151.065	1360.44	11204
151.707	993.828	11169.9
152.35	713.76	10940.9
152.993	607.735	10651.6
153.636	620.229	10419.4
154.279	654.335	10265.5
154.921	656.846	10137.7
155.564	660.149	9991.65
156.207	687.689	9821.07
156.85	784.064	9648.48
157.493	949.074	9527.97
158.136	1142.51	9502.51
158.778	1294.36	9579.38
159.421	1340.52	9713.6
160.064	1266.48	9816.59
160.707	1149.17	9827.41
161.35	1049.7	9755.74
161.993	1011.53	9642.03
162.635	1027.01	9532.25
163.278	1072.92	9440.36
163.921	1152.79	9373.79
164.564	1254.63	9355.31
165.207	1343.07	9395.1
165.85	1388.49	9483.22
166.492	1351.5	9580.81
167.135	1259.27	9630.31
167.778	1167.45	9621.32
168.421	1110.44	9590.54
169.064	1066.09	9579.14
169.707	980.151	9572.79
170.349	869.755	9526.67
170.992	766.368	9428.21
171.635	705.655	9294.38
172.278	688.688	9156.58
172.921	695.019	9019.58
173.563	745.888	8886.45
174.206	840.218	8786.15
174.849	952.434	8742.08
175.492	1040.95	8751.86
176.135	1081.82	8783.09
176.778	1091.39	8805.25
177.42	1088.27	8812.62
178.063	1083.64	8811.87
178.706	1073.4	8807.36
179.349	1062.72	8800.12
179.992	1041.12	8786.47
180.635	1027.35	8760.76
181.277	1026.27	8737.68
181.92	1027.66	8728.72
182.563	1014.26	8731.46
183.206	978.357	8728.82
183.849	935.039	8708.45
184.492	891.747	8669.69
185.134	863.756	8619.44
185.777	842.525	8564.92
186.42	837.254	8508.3
187.063	841.703	8456.76
187.706	858.547	8414.91
188.349	877.538	8389.02
188.991	892.142	8378.8
189.634	893.635	8383.85
190.277	864.532	8391.28
190.92	812.685	8378.46
191.563	754.79	8333.53
192.205	715.663	8259.22
192.848	709.737	8174.37
193.491	733.991	8099.78
194.134	779.731	8053.13
194.777	817.241	8038.59
195.42	834.979	8042.99
196.062	822.244	8048.98
196.705	787.948	8033.29
197.348	760.131	7989.77
197.991	757.277	7936.77
198.634	771.817	7895.58
199.277	786.672	7871.89
199.919	789.155	7857.88
200.562	777.217	7838.81
201.205	765.633	7808.25
201.848	758.674	7769.37
202.491	766.857	7730.26
203.134	780.126	7701.37
203.776	790.607	7680.1
204.419	799.859	7663.71
205.062	804.211	7652.22
205.705	803.505	7644.08
206.348	793.928	7638.3
206.991	770.843	7627.89
207.633	738	7599.54
208.276	719.076	7551.64
208.919	723.606	7504.01
209.562	737.177	7471.23
210.205	747.375	7452.8
210.847	744.436	7440.94
211.49	726.239	7420.2
212.133	712.91	7384.02
212.776	713.084	7345.58
213.419	715.667	7312.66
214.062	716.497	7279.86
214.704	719.874	7242.39
215.347	734.407	7203.13
215.99	761.273	7171.4
216.633	797.669	7160.25
217.276	816.419	7171.41
217.919	809.433	7185.81
218.561	780.018	7183.95
219.204	749.736	7154.95
219.847	739.745	7108.73
220.49	754.346	7066.69
221.133	777.604	7041.15
221.776	800.195	7031.99
222.418	810.363	7033.65
223.061	807.889	7035.34
223.704	798.176	7031.49
224.347	785.89	7021.36
224.99	774.522	7006.9
225.633	762.671	6988.96
226.275	753.035	6965.03
226.918	755.782	6941.62
227.561	760.042	6927.76
228.204	761.246	6923.21
228.847	745.98	6919.92
229.49	726.127	6906.27
230.132	708.264	6884.94
230.775	694.641	6860.89
231.418	678.992	6832.24
232.061	674.563	6799.14
232.704	676.735	6771.43
233.346	679.981	6751.33
233.989	676.576	6735.08
234.632	668.359	6715.17
235.275	662.221	6689.77
235.918	663.166	6664.48
236.561	666.437	6645.72
237.203	663.462	6632.03
237.846	651.596	6614.37
238.489	639.637	6585.92
239.132	639.316	6552.4
239.775	646.252	6522.79
240.418	658.145	6500.4
241.06	666.967	6485.25
241.703	672.236	6473.45
242.346	672.298	6462.62
242.989	667.897	6448.69
243.632	663.996	6429.37
244.275	666.348	6408.19
244.917	673.071	6390.44
245.56	683.691	6381.4
246.203	683.971	6380.77
246.846	673.528	6377.58
247.489	659.551	6367.95
248.132	643.465	6352.2
248.774	629.063	6329.69
249.417	620.569	6303.53
250.06	615.859	6277.14
250.703	614.965	6251.3
251.346	616.811	6227.56
251.988	618.712	6204.62
252.631	625.629	6183.16
253.274	633.264	6167.1
253.917	637.577	6153.53
254.56	643.232	6141.14
255.203	648.354	6133.34
255.845	649.654	6131.65
256.488	637.99	6130.98
257.131	617.758	6120.61
257.774	599.598	6099.16
258.417	586.493	6070.8
259.06	581.154	6039.06
259.702	582.653	6006.93
260.345	593.63	5978.06
260.988	610.481	5959.51
261.631	621.972	5951.14
262.274	626.11	5946.53
262.917	622.002	5939.65
263.559	617.099	5927.61
264.202	612.864	5912.52
264.845	611.913	5897.03
265.488	609.999	5882.5
266.131	609.21	5868.19
266.774	606.191	5853.61
267.416	605.092	5837.33
268.059	606.439	5822.98
268.702	604.914	5811.06
269.345	599.771	5796.55
269.988	597.153	5777.53
270.63	600.946	5758.96
271.273	607.786	5746.76
271.916	609.198	5740.38
272.559	603.026	5732.54
273.202	594.764	5717.72
273.845	593.177	5698.88
274.487	597.528	5685.09
275.13	596.582	5677.12
275.773	590.448	5668.64
276.416	579.591	5655.72
277.059	569.996	5637.22
277.702	560.594	5612.68
278.344	561.658	5584.42
278.987	568.044	5559.19
279.63	579.94	5538.8
280.273	590.495	5523.29
280.916	603.356	5510.72
281.559	616.085	5503.79
282.201	625.73	5501.9
282.844	631.177	5503.9
283.487	629.056	5507.08
284.13	621.612	5507.43
284.773	610.525	5503.25
285.416	599.624	5493.98
286.058	591.279	5482.25
286.701	583.844	5469.91
287.344	577.334	5457.08
287.987	570.776	5443.65
288.63	564.965	5428.73
289.272	561.907	5413.23
289.915	562.194	5401.25
290.558	557.406	5392.43
291.201	550.65	5382.58
291.844	539.91	5370.3
292.487	529.394	5352.86
293.129	522.091	5331.96
293.772	518.134	5308.98
294.415	520.474	5286.35
295.058	527.004	5268.61
295.701	532.623	5257.1
296.344	532.394	5247.89
296.986	529.126	5236.01
297.629	526.231	5220.76
298.272	526.617	5204.27
298.915	528.741	5188.08
299.558	536.679	5176.59
300.201	536.78	5170.03
300.843	534.792	5161
301.486	531.584	5149.52
302.129	531.635	5137.25
302.772	531.033	5126.28
303.415	532.457	5117.56
304.058	528.348	5110.95
304.7	522.285	5102.3
305.343	513.329	5090.69
305.986	505.429	5074.66
306.629	500.456	5055.92
307.272	499.433	5036.26
307.914	503.727	5019.95
308.557	505.501	5008.63
309.2	503.219	4997.09
309.843	500.593	4983.22
310.486	497.491	4966.14
311.129	501.385	4948.53
311.771	505.957	4935.8
312.414	507.666	4925.05
313.057	508.527	4914
313.7	508.598	4902.97
314.343	507.817	4891.47
314.986	506.916	4879.27
315.628	505.911	4866.42
316.271	505.606	4853.27
316.914	504.461	4839.63
317.557	503.717	4823.85
318.2	506.53	4807.1
318.843	511.731	4791.75
319.485	519.64	4779.92
320.128	524.345	4771.44
320.771	527.533	4762.91
321.414	529.879	4753.87
322.057	533.857	4746.04
322.7	534.477	4740.02
323.342	533.549	4733.45
323.985	529.408	4724.96
324.628	526.108	4712.8
325.271	525.399	4698.96
325.914	527.644	4685.84
326.556	530.98	4675.21
327.199	533.344	4667.38
327.842	531.628	4660.5
328.485	525.802	4650.03
329.128	521.049	4633.31
329.771	522.602	4612.88
330.413	532.109	4595.17
331.056	543.362	4584.25
331.699	552.067	4578.61
332.342	555.473	4574.08
332.985	557.023	4566.95
333.628	560.316	4558.34
334.27	565.162	4550.97
334.913	570.614	4547
335.556	571.169	4545.77
336.199	566.5	4541.8
336.842	562.375	4533.45
337.485	559.126	4522.55
338.127	558.97	4510.37
338.77	560.168	4498.46
339.413	563.335	4486.7
340.056	568.693	4476.37
340.699	575.225	4469.01
341.342	580.422	4465.03
341.984	581.966	4462.45
342.627	580.642	4458.55
343.27	578.19	4452.19
343.913	576.572	4443.43
344.556	577.381	4433.94
345.198	579.707	4425.76
345.841	581.657	4419.01
346.484	583.115	4413.08
347.127	582.594	4406.86
347.77	582.404	4399.13
348.413	582.577	4390.11
349.055	585.785	4380.62
349.698	591.3	4373.43
350.341	596.912	4369.93
350.984	599.25	4368.82
351.627	599.026	4367.42
352.27	597.355	4365.06
352.912	594.924	4361.99
353.555	591.054	4357.92
354.198	586.871	4352.23
354.841	582.346	4344.76
355.484	578.497	4334.44
356.127	579.303	4322.9
356.769	582.236	4312.99
357.412	588.079	4305.64
358.055	593.557	4302.54
358.698	595.87	4301.74
359.341	596.416	4301.17
359.984	595.226	4300.97
360.626	591.53	4300.3
361.269	586.23	4297.64
361.912	581.055	4292.54
362.555	578.076	4286.38
363.198	576.56	4281.5
363.84	574.23	4278.43
364.483	569.545	4275.42
365.126	563.916	4270.53
365.769	559.898	4264.72
366.412	556.104	4259.95
367.055	550.613	4255.4
367.697	544.254	4249.24
368.34	539.545	4242.4
368.983	533.739	4235.74
369.626	528.349	4228.06
370.269	523.549	4220.29
370.912	518.19	4212.43
371.554	512.667	4203.52
372.197	508.144	4193.67
372.84	504.089	4183.14
373.483	502.238	4172.29
374.126	501.699	4162.48
374.769	502.622	4154.66
375.411	502.36	4149.51
376.054	499.499	4145.32
376.697	494.23	4139.97
377.34	488.62	4132.53
377.983	483.954	4124.06
378.626	479.193	4114.88
379.268	475.98	4105.07
379.911	473.295	4095.11
380.554	473.503	4086.29
381.197	473.275	4081.17
381.84	469.13	4078.11
382.482	460.457	4073.42
383.125	449.39	4063.63
383.768	441.888	4049.29
384.411	438	4034.25
385.054	436.93	4020.4
385.697	436.722	4008.73
386.339	435.124	3998.07
386.982	432.806	3986.14
387.625	432.291	3972.74
388.268	434.986	3960.5
388.911	437.62	3951.18
389.554	438.414	3943.06
390.196	438.048	3934.06
390.839	439.059	3924.44
391.482	441.382	3916.82
392.125	441.157	3911.8
392.768	435.73	3905.24
393.411	429.349	3892.74
394.053	428.163	3875.97
394.696	432.905	3860.06
395.339	440.63	3848.03
395.982	448.458	3839.83
396.625	455.272	3834.35
397.268	460.481	3830.78
397.91	463.427	3828.01
398.553	464.844	3824.78
399.196	466.196	3821.23
399.839	467.253	3818.7
400.482	465.488	3816.35
401.125	462.932	3812.23
401.767	460.627	3806.84
402.41	459.214	3801.14
403.053	457.866	3795.77
403.696	456.6	3790.84
404.339	454.473	3786.28
404.981	451.95	3782.06
405.624	447.097	3777.73
406.267	440.514	3771.31
406.91	433.359	3761.37
407.553	428.819	3747.7
408.196	429.616	3733.25
408.838	434.012	3721.52
409.481	439.446	3713.47
410.124	444.066	3708.61
410.767	446.319	3705.66
411.41	446.343	3702.82
412.053	445.433	3699.75
412.695	442.675	3696.3
413.338	439.311	3691.9
413.981	434.412	3686.24
414.624	429.581	3678.31
415.267	425.728	3668.28
415.91	424.788	3657.31
416.552	425.764	3647.42
417.195	427.34	3638.6
417.838	429.943	3630.86
418.481	432.318	3624.38
419.124	434.772	3618.47
419.767	438.33	3614.01
420.409	441.097	3612.33
421.052	441.282	3612.87
421.695	436.775	3613.41
422.338	428.622	3610.17
422.981	421.264	3601.6
423.623	419.015	3590.66
424.266	420.964	3582.13
424.909	423.269	3578.09
425.552	421.862	3576.71
426.195	416.976	3574.45
426.838	410.429	3569.69
427.48	403.845	3562.09
428.123	399.458	3552.61
428.766	397.186	3543.39
429.409	395.498	3535.16
430.052	393.905	3527.47
430.695	392.319	3519.79
431.337	392.029	3512.63
431.98	392.102	3507.65
432.623	390.184	3505.15
433.266	383.977	3503.23
433.909	372.836	3497.7
434.552	362.004	3486.05
435.194	354.538	3470.02
435.837	352.3	3452.1
436.48	355.68	3435.65
437.123	362.835	3424.22
437.766	368.094	3418.11
438.409	369.831	3414.02
439.051	368.333	3408.84
439.694	367.308	3401.87
440.337	367.105	3395.31
440.98	365.909	3389.62
441.623	363.543	3383.63
442.265	361.132	3377.29
442.908	358.113	3371.74
443.551	351.178	3364.79
444.194	345.16	3353.89
444.837	341.953	3341.88
445.48	339.623	3330.69
446.122	336.538	3319.25
446.765	334.436	3307.05
447.408	331.46	3293.74
448.051	330.239	3277.87
448.694	332.7	3260.9
449.337	339.531	3245.58
449.979	348.673	3234.59
450.622	356.376	3228.09
451.265	360.155	3223.23
451.908	361.621	3217.08
452.551	362.786	3209.26
453.194	364.794	3200.47
453.836	368.199	3192.07
454.479	371.836	3185.2
455.122	373.934	3179.39
455.765	374.167	3172.69
456.408	374.763	3164.3
457.051	376.599	3155.47
457.693	379.218	3147.44
458.336	380.926	3140.05
458.979	381.806	3131.87
459.622	383.054	3122.23
460.265	386.478	3112.12
460.907	391.492	3103.79
461.55	395.23	3097.54
462.193	396.257	3090.86
462.836	396.712	3081.3
463.479	399.91	3069.48
464.122	407.07	3058.64
464.764	415.496	3051.31
465.407	422.252	3046.94
466.05	425.879	3042.94
466.693	428.501	3037.29
467.336	431.896	3030.93
467.979	434.664	3024.72
468.621	436.54	3017.43
469.264	438.906	3008.22
469.907	443.054	2997.42
470.55	450.59	2986.86
471.193	459.51	2978.67
471.836	467.541	2972.24
472.478	474.235	2965.61
473.121	480.683	2956.91
473.764	489.836	2945.89
474.407	503.62	2934.39
475.05	523.094	2925.37
475.693	546.488	2921.95
476.335	571.491	2925.9
476.978	594.539	2937.88
477.621	612.024	2956.09
478.264	623.669	2978.14
478.907	627.405	3002.31
479.549	623.539	3025.31
480.192	613.14	3044.75
480.835	598.689	3059.03
481.478	581.845	3067.81
482.121	564.632	3070.75
482.764	549.755	3068.94
483.406	537.41	3064.14
484.049	528.907	3057.7
484.692	523.481	3051.79
485.335	520.166	3047.75
485.978	516.457	3045.85
486.621	511.746	3044.92
487.263	505.498	3044.12
487.906	498.144	3042.58
488.549	489.963	3040.11
489.192	480.843	3036.14
489.835	471.998	3030.46
490.478	462.726	3022.64
491.12	456.037	3012.32
491.763	452.395	3001.72
492.406	451.248	2992.67
493.049	450.277	2985.74
493.692	448.598	2979.69
494.335	446.96	2973.79
494.977	445.839	2968.84
495.62	443.934	2965.69
496.263	438.923	2963.25
496.906	430.778	2958.6
497.549	422.035	2949.57
498.191	416.755	2937.2
498.834	415.259	2924.71
499.477	416.124	2913.87
500.12	417.984	2905.12
500.763	419.611	2898.09
501.406	420.948	2892.41
502.048	420.755	2887.61
502.691	419.68	2882.68
503.334	417.7	2877.49
503.977	415	2871.54
504.62	412.074	2864.48
505.263	409.774	2856.4
505.905	408.543	2848.09
506.548	407.658	2840.12
507.191	406.44	2831.91
507.834	405.82	2822.7
508.477	407.327	2813.34
509.12	410.564	2805.83
509.762	413.307	2801.12
510.405	413.422	2798
511.048	410.387	2794.01
511.691	405.94	2787.18
512.334	402.501	2777.54
512.977	401.16	2766.55
513.619	401.623	2755.45
514.262	403.389	2744.51
514.905	406.725	2733.85
515.548	412.077	2724.37
516.191	418.483	2717.53
516.833	423.68	2713.4
517.476	426.567	2710.47
518.119	427.341	2707.32
518.762	426.274	2702.92
519.405	424.405	2696.21
520.048	423.779	2687.25
520.69	425.21	2677.49
521.333	428.482	2668.25
521.976	432.203	2660.04
522.619	435.585	2651.67
523.262	440.754	2642.72
523.905	447.852	2634.81
524.547	455.881	2628.84
525.19	464.115	2624.74
525.833	472.686	2622.89
526.476	479.855	2624.02
527.119	483.634	2627.13
527.762	482.712	2629.36
528.404	479.759	2627.83
529.047	478.097	2622.92
529.69	478.774	2616.69
530.333	481.713	2610.73
530.976	486.611	2606.62
531.619	491.073	2605.34
532.261	493.04	2605.6
532.904	492.289	2604.91
533.547	491.447	2602.2
534.19	491.384	2598.81
534.833	491.347	2595.52
535.475	490.705	2591.82
536.118	490.19	2586.9
536.761	491.12	2581.17
537.404	493.636	2576
538.047	496.825	2572.4
538.69	499.294	2570.45
539.332	499.751	2569
539.975	498.961	2566.57
540.618	497.48	2562.6
541.261	496.61	2556.67
541.904	497.978	2549.57
542.547	502.131	2543.21
543.189	508.048	2539.69
543.832	512.595	2539.44
544.475	514.223	2540.41
545.118	513.465	2540.5
545.761	512.025	2539.13
546.404	510.034	2536.72
547.046	507.913	2533.1
547.689	505.818	2528.01
548.332	505.1	2521.33
548.975	506.823	2514.37
549.618	510.304	2508.73
550.261	514.358	2505.01
550.903	517.464	2502.72
551.546	519.971	2500.76
552.189	522.365	2499.17
552.832	524.604	2498.56
553.475	525.35	2499.02
554.117	523.961	2499.26
554.76	521.163	2497.94
555.403	518.178	2494.57
556.046	516.564	2489.74
556.689	516.227	2484.64
557.332	517.117	2479.87
557.974	518.759	2476.09
558.617	520.301	2473.45
559.26	521.143	2471.44
559.903	521.607	2469.67
560.546	521.518	2468.28
561.189	520.658	2467.28
561.831	517.987	2466.2
562.474	513.357	2463.13
563.117	509.191	2456.55
563.76	509.036	2447.95
564.403	512.999	2441.33
565.046	517.694	2439.13
565.688	519.255	2440.16
566.331	516.764	2440.88
566.974	512.787	2439.01
567.617	509.291	2435.17
568.26	506.694	2430.68
568.903	504.06	2426.05
569.545	501.455	2420.79
570.188	499.326	2414.97
570.831	497.303	2408.8
571.474	495.466	2401.85
572.117	494.326	2393.76
572.76	495.23	2384.86
573.402	498.655	2376.76
574.045	503.582	2370.89
574.688	508.535	2367.77
575.331	511.96	2367.03
575.974	512.6	2367.34
576.616	510.72	2366.98
577.259	507.284	2365.04
577.902	503.054	2361.24
578.545	498.597	2355.39
579.188	494.864	2347.25
579.831	493.433	2337.34
580.473	495.061	2327.57
581.116	498.502	2319.81
581.759	501.093	2313.89
582.402	502.791	2307.78
583.045	505.183	2300.85
583.688	509.541	2294.54
584.33	514.006	2290.41
584.973	516.907	2287.57
585.616	518.27	2284.34
586.259	519.402	2279.91
586.902	521.7	2274.9
587.545	525.116	2270.89
588.187	528.221	2268.84
588.83	528.776	2267.94
589.473	526.436	2265.54
590.116	523.757	2259.95
590.759	522.763	2251.95
591.402	524.383	2243.19
592.044	527.935	2235.12
592.687	532.761	2228.05
593.33	538.804	2222.34
593.973	545.171	2218.62
594.616	550.647	2216.66
595.258	554.649	2215.38
595.901	557.723	2213.7
596.544	561.446	2211.73
597.187	566.178	2211.37
597.83	569.197	2213.98
598.473	567.337	2217.45
599.115	561.273	2217.58
599.758	554.833	2212.19
600.401	552.047	2202.8
601.044	554.097	2193.22
601.687	558.643	2186.32
602.33	563.087	2182.14
602.972	566.165	2179.32
603.615	568.156	2176.63
604.258	569.285	2173.7
604.901	569.495	2169.91
605.544	570.095	2164.79
606.187	571.53	2159.02
606.829	573.741	2152.94
607.472	577.106	2146.59
608.115	582.301	2140.73
608.758	588.818	2136.78
609.401	595.202	2135.58
610.044	598.701	2136.3
610.686	599.327	2135.96
611.329	599.906	2133.37
611.972	601.431	2130
612.615	603.685	2127.05
613.258	605.117	2124.78
613.9	605.018	2121.56
614.543	605.63	2116.22
615.186	608.302	2110.19
615.829	612.202	2104.94
616.472	616.648	2100.55
617.115	621.168	2096.78
617.757	626.052	2093.44
618.4	631.381	2091.09
619.043	635.799	2089.93
619.686	638.997	2088.92
620.329	641.074	2087.1
620.972	643.38	2083.86
621.614	646.798	2079.9
622.257	651.378	2076.12
622.9	657.984	2075.73
624.829	676.528	2067.51	
626.757	695.091	2071.11
628.686	708.563	2080.35
630.614	716.579	2092.29
632.543	718.736	2105.79
634.471	712.381	2118.28
636.399	700.66	2124.68
638.328	689.112	2125.34
640.256	676.608	2123.48
642.185	661.538	2117.2
644.113	647.679	2103.74
646.042	639.066	2084.52
647.97	638.187	2063.25
649.899	645.034	2044.94
651.827	654.388	2033.32
653.756	660.294	2025.95
655.684	665.402	2018.2
657.613	670.955	2011.13
659.541	675.824	2005.21
661.47	680.718	1999.77
663.398	685.098	1995.09
665.327	690.294	1991.33
667.255	694.317	1990.25
669.184	694.433	1990.33
671.112	691.114	1987.94
673.041	688.769	1981.92
674.969	689.064	1975.71
676.898	688.41	1971.57
678.826	684.647	1966.75
680.755	680.164	1958.09
682.683	679.091	1946.49
684.612	681.42	1935.77
686.54	683.96	1927.11
688.469	686.435	1918.78
690.397	689.722	1910.56
692.325	693.882	1903.43
694.254	697.554	1897.83
696.182	699.971	1892.68
698.111	702.712	1887.59
700.039	703.533	1883.45
701.968	702.077	1877.42
703.896	702.571	1868.19
705.825	706.31	1859.16
707.753	710.631	1852.3
709.682	714.905	1846.5
711.61	719.356	1841.85
713.539	722.703	1838.81
715.467	723.751	1836.21
717.396	722.985	1832.26
719.324	721.423	1825.82
721.253	722.599	1817.01
723.181	726.659	1809.4
725.11	730.858	1804.79
727.038	731.901	1801.66
728.967	730.06	1795.8
730.895	731.191	1785.73
732.824	737.42	1776.49
734.752	744.253	1771.76
736.681	748.817	1769.46
738.609	751.304	1767.1
740.538	753.063	1763.92
742.466	754.605	1760.46
744.395	755.696	1757.05
746.323	755.606	1753.29
748.252	754.86	1747.96
750.18	755.345	1740.91
752.109	757.451	1733.64
754.037	761.002	1727.2
755.965	764.336	1722.24
757.894	766.458	1717.35
759.822	769.34	1711.25
761.751	774.018	1705.59
763.679	779.075	1701.93
765.608	783.559	1700.19
767.536	785.118	1699.85
769.465	783.223	1697.57
771.393	782.374	1691.02
773.322	785.664	1683.6
775.25	790.111	1679.16
777.179	792.898	1676.53
779.107	793.828	1673.09
781.036	795.636	1667.7
782.964	799.481	1662.46
784.893	804.108	1659.19
786.821	807.577	1657.91
788.75	808.749	1657.18
790.678	807.509	1654.97
792.607	806.383	1649.52
794.535	808.447	1642.29
796.464	813.234	1636.8
798.392	817.288	1634.13
800.321	819.904	1631.92
802.249	821.672	1629.08
804.178	824.161	1625.49
806.106	827.469	1622.71
808.034	829.52	1621.15
809.963	830.818	1618.88
811.891	832.566	1616.1
813.82	834.665	1613.91
815.748	836.191	1612.83
817.677	835.158	1612.11
819.605	831.788	1608.69
821.534	830.282	1600.83
823.462	834.882	1592.17
825.391	841.871	1589.01
827.319	843.654	1590.14
829.248	841.492	1587.86
831.176	841.85	1581.01
833.105	846.157	1574.8
835.033	850.219	1571.66
836.962	853.142	1568.6
838.89	857.613	1564.96
840.819	862.53	1563.42
842.747	866.11	1563.52
844.676	868.318	1563.94
846.604	869.073	1564.27
848.533	868.573	1563.76
850.461	867.527	1561.86
852.39	866.635	1558.52
854.318	867.072	1554.05
856.247	869.021	1549.92
858.175	870.538	1546.8
860.104	871.922	1542.77
862.032	875.911	1538.18
863.96	880.881	1536.47
865.889	883.387	1537.04
867.817	883.824	1536.44
869.746	885.198	1534.17
871.674	886.918	1532.72
873.603	887.832	1531.69
875.531	888.176	1530.09
877.46	888.152	1527.67
879.388	889.174	1524.18
881.317	890.876	1520.94
883.245	893.333	1517.71
885.174	897.417	1515.19
887.102	901.429	1515.27
889.031	902.625	1516.93
890.959	901.858	1516.99
892.888	901.333	1515.04
894.816	901.977	1512.46
896.745	903.347	1510.29
898.673	904.825	1508.68
900.602	906.101	1507.32
902.53	907.699	1506.12
904.459	908.46	1505.74
906.387	908.027	1504.65
908.316	908.976	1502.12
910.244	910.865	1500.92
912.173	911.095	1501.05
914.101	910.36	1499.98
916.03	910.063	1497.88
917.958	909.936	1495.66
919.887	909.947	1492.86
921.815	911.199	1489.39
923.743	914.194	1486.71
925.672	917.485	1486.43
927.6	918.224	1488.02
929.529	916.284	1488.12
931.457	915.373	1485.21
933.386	916.652	1482.38
935.314	917.332	1481.11
937.243	917.91	1478.9
939.171	920.826	1476.63
941.1	923.454	1477.55
943.028	923.122	1479.81
944.957	920.573	1480.45
946.885	917.54	1478.83
948.814	914.951	1475.26
950.742	914.579	1470.01
952.671	917.103	1465.39
954.599	920.242	1463.39
956.528	922.377	1462.93
958.456	923.271	1462.7
960.385	923.373	1461.9
962.313	923.787	1460.31
964.242	924.816	1458.86
966.17	925.616	1458.02
968.099	926.207	1457.12
970.027	926.761	1456.2
971.956	927.385	1455.34
973.884	928.217	1454.8
975.813	928.37	1454.99
977.741	927.531	1454.96
979.669	926.352	1454.1
981.598	925.223	1452.62
983.526	924.415	1450.63
985.455	924.121	1448.44
987.383	924.052	1446.32
989.312	924.304	1444.1
991.24	925.169	1442.04
993.169	925.898	1440.64
995.097	926.352	1439.14
997.026	927.531	1437.36
998.954	929.251	1436.58
1000.88	929.983	1437.01
1002.81	929.694	1437.2
1004.74	929.06	1436.82
1006.67	928.229	1436.15
1008.6	927.277	1435.11
1010.53	926.048	1433.57
1012.45	925.349	1430.96
1014.38	926.568	1428.1
1016.31	928.74	1427.23
1018.24	928.766	1428.18
1020.17	927.67	1427.66
1022.1	927.703	1426.21
1024.03	927.65	1425.96
1025.95	926.196	1425.75
1027.88	924.534	1423.98
1029.81	924.354	1421.35
1031.74	924.954	1419.77
1033.67	924.586	1418.99
1035.6	924.155	1417.28
1037.52	924.486	1415.36
1039.45	925.372	1414.04
1041.38	926.348	1413.68
1043.31	926.048	1414.2
1045.24	924.801	1414.04
1047.17	923.24	1412.98
1049.1	922.201	1411.02
1051.02	922.554	1409.01
1052.95	923.019	1408.58
1054.88	921.673	1408.93
1056.81	918.863	1407.66
1058.74	917.428	1404.01
1060.67	918.28	1400.51
1062.59	919.805	1398.81
1064.52	920.533	1398.25
1066.45	920.514	1397.54
1068.38	920.747	1396.44
1070.31	921.19	1395.88
1072.24	920.678	1395.96
1074.17	919.206	1395.22
1076.09	918.679	1393.12
1078.02	919.789	1391.69
1079.95	919.877	1392.39
1081.88	918.158	1392.87
1083.81	915.734	1391.91
1085.74	913.383	1389.58
1087.67	912.621	1385.99
1089.59	913.539	1383.01
1091.52	914.803	1381.51
1093.45	915.41	1380.87
1095.38	915.558	1380.2
1097.31	915.483	1379.45
1099.24	915.397	1378.58
1101.16	915.77	1377.87
1103.09	915.371	1378.02
1105.02	914.185	1377.62
1106.95	913.504	1376.49
1108.88	912.61	1375.75
1110.81	911.683	1374.53
1112.74	911.295	1373.06
1114.66	911.576	1372.16
1116.59	910.924	1372.43
1118.52	908.804	1372.16
1120.45	907.034	1370.22
1122.38	906.274	1367.98
1124.31	906.039	1366.2
1126.23	905.814	1364.76
1128.16	905.817	1363.41
1130.09	906.089	1362.62
1132.02	905.338	1362.68
1133.95	903.361	1361.94
1135.88	902.192	1359.49
1137.81	903.111	1357.34
1139.73	903.609	1357.65
1141.66	901.532	1358.39
1143.59	898.735	1356.71
1145.52	897.47	1353.41
1147.45	898.366	1350.6
1149.38	899.215	1349.97
1151.3	898.256	1349.95
1153.23	897.203	1348.52
1155.16	896.684	1346.98
1157.09	896.103	1345.72
1159.02	895.544	1344.26
1160.95	895.321	1342.76
1162.88	895.056	1341.55
1164.8	894.947	1340.25
1166.73	895.441	1339.35
1168.66	895.019	1339.65
1170.59	893.2	1339.45
1172.52	891.843	1337.77
1174.45	891.23	1336.16
1176.38	890.87	1335.1
1178.3	889.775	1334.51
1180.23	888.113	1333.22
1182.16	886.894	1331.01
1184.09	886.531	1328.66
1186.02	886.692	1326.75
1187.95	887.065	1325.34
1189.87	887.481	1324.51
1191.8	887.148	1324.23
1193.73	886.43	1323.52
1195.66	885.956	1322.58
1197.59	885.257	1322
1199.52	884.446	1321.31
1201.45	883.119	1320.73
1203.37	881.279	1319.5
1205.3	879.947	1317.22
1207.23	879.799	1314.78
1209.16	880.425	1313.29
1211.09	880.15	1312.95
1213.02	879.219	1312.06
1214.94	878.814	1310.67
1216.87	878.387	1309.89
1218.8	877.237	1309.13
1220.73	876.12	1307.46
1222.66	876.313	1305.54
1224.59	876.493	1305.06
1226.52	875.356	1304.92
1228.44	874.284	1303.71
1230.37	873.439	1302.58
1232.3	872.367	1301.47
1234.23	871.347	1299.89
1236.16	871.383	1298.17
1238.09	871.396	1297.85
1240.02	869.307	1298.04
1241.94	866.816	1295.95
1243.87	866.257	1292.63
1245.8	866.808	1290.44
1247.73	867.355	1289.26
1249.66	867.555	1288.6
1251.59	867.232	1288.21
1253.51	866.402	1287.71
1255.44	865.351	1286.82
1257.37	864.394	1285.61
1259.3	863.654	1284.28
1261.23	862.98	1283
1263.16	862.412	1281.61
1265.09	862.497	1280.27
1267.01	862.684	1280.01
1268.94	861.343	1280.56
1270.87	858.728	1279.95
1272.8	856.329	1277.54
1274.73	855.643	1274.1
1276.66	856.934	1271.52
1278.58	858.023	1271.21
1280.51	857.292	1271.66
1282.44	855.954	1270.92
1284.37	855.089	1269.7
1286.3	854.014	1268.78
1288.23	852.719	1267.39
1290.16	852.037	1265.45
1292.08	851.994	1263.84
1294.01	852.197	1262.92
1295.94	852.029	1262.85
1297.87	850.461	1263.16
1299.8	847.838	1262.31
1301.73	845.705	1259.84
1303.66	844.857	1256.81
1305.58	845.145	1254.26
1307.51	845.912	1252.77
1309.44	846.175	1252.39
1311.37	845.024	1252.27
1313.3	843.269	1250.88
1315.23	842.429	1248.37
1317.15	842.822	1246.13
1319.08	843.489	1244.96
1321.01	843.925	1244.53
1322.94	843.4	1244.63
1324.87	842.103	1244.19
1326.8	841.021	1242.99
1328.73	840.198	1241.82
1330.65	839.22	1240.71
1332.58	838.284	1239.25
1334.51	837.79	1237.61
1336.44	837.773	1236.37
1338.37	837.328	1235.87
1340.3	835.881	1235.21
1342.22	834.859	1233.42
1344.15	834.363	1231.78
1346.08	833.846	1230.32
1348.01	834.139	1228.7
1349.94	834.719	1228.32
1351.87	833.835	1229.02
1353.8	831.675	1228.85
1355.72	829.682	1227.44
1357.65	827.577	1225.68
1359.58	826.012	1222.81
1361.51	826.094	1219.61
1363.44	826.963	1217.68
1365.37	827.537	1216.86
1367.3	827.269	1216.52
1369.22	826.169	1215.85
1371.15	825.009	1214.33
1373.08	824.38	1212.36
1375.01	824.295	1210.48
1376.94	824.502	1208.93
1378.87	824.912	1207.73
1380.79	825.264	1207.01
1382.72	825.535	1206.67
1384.65	825.357	1206.93
1386.58	823.846	1207.33
1388.51	821.881	1206.48
1390.44	820.713	1204.88
1392.37	819.539	1203.71
1394.29	818.236	1202.17
1396.22	817.423	1200.25
1398.15	816.67	1198.56
1400.08	816.072	1196.56
1402.01	816.238	1194.41
1403.94	817.173	1193.07
1405.86	817.331	1193.07
1407.79	816.179	1192.87
1409.72	815.174	1191.5
1411.65	814.817	1190.15
1413.58	814.182	1189.34
1415.51	813.169	1188.22
1417.44	812.503	1186.62
1419.36	812.059	1185.2
1421.29	811.459	1183.83
1423.22	811.229	1182.08
1425.15	811.67	1180.63
1427.08	812.158	1180.14
1429.01	811.497	1180.32
1430.93	809.864	1179.64
1432.86	809.086	1177.71
1434.79	809.064	1176.32
1436.72	808.584	1175.55
1438.65	808.097	1174.37
1440.58	807.951	1173.3
1442.51	807.419	1172.66
1444.43	806.892	1171.7
1446.36	806.635	1170.95
1448.29	805.641	1170.77
1450.22	803.945	1169.94
1452.15	802.556	1168.12
1454.08	802.046	1166.1
1456.01	801.583	1164.62
1457.93	801.158	1162.93
1459.86	801.576	1161.18
1461.79	802.334	1160.61
1463.72	801.902	1161.19
1465.65	799.678	1161.32
1467.58	796.888	1159.43
1469.5	795.651	1155.73
1471.43	796.613	1152.19
1473.36	798.799	1150.36
1475.29	800.614	1150.55
1477.22	800.568	1151.83
1479.15	798.917	1152.24
1481.08	797.326	1151.09
1483	796.67	1149.48
1484.93	796.247	1148.38
1486.86	795.735	1147.38
1488.79	795.307	1146.35
1490.72	794.703	1145.51
1492.65	793.855	1144.47
1494.57	793.404	1143.12
1496.5	792.694	1142.12
1498.43	791.85	1140.54
1500.36	792.279	1138.48
1502.29	793.295	1137.83
1504.22	793.12	1138.42
1506.15	791.709	1138.59
1508.07	789.659	1137.7
1510	788.227	1135.5
1511.93	788.161	1133.07
1513.86	788.727	1131.61
1515.79	789.105	1131.01
1517.72	788.694	1130.79
1519.65	787.791	1130.11
1521.57	787.13	1128.92
1523.5	786.69	1127.84
1525.43	786.2	1126.87
1527.36	785.841	1125.85
1529.29	785.468	1125.12
1531.22	784.388	1124.53
1533.14	783.121	1123.02
1535.07	782.909	1120.83
1537	783.698	1119.43
1538.93	783.918	1119.4
1540.86	782.766	1119.35
1542.79	781.474	1117.99
1544.72	781.329	1116.09
1546.64	781.61	1115.13
1548.57	781.18	1114.75
1550.5	780.564	1113.84
1552.43	780.262	1112.88
1554.36	779.438	1112.26
1556.29	778.573	1110.86
1558.21	778.865	1109.17
1560.14	779.444	1108.83
1562.07	778.617	1109.4
1564	776.471	1108.93
1565.93	775.024	1106.7
1567.86	774.995	1104.41
1569.79	775.255	1103.09
1571.71	775.311	1102.06
1573.64	775.665	1101.04
1575.57	776.022	1100.75
1577.5	775.35	1100.98
1579.43	774.05	1100.43
1581.36	773.008	1099.05
1583.29	772.778	1097.44
1585.21	773.211	1096.49
1587.14	772.906	1096.56
1589.07	771.633	1096.24
1591	770.577	1094.93
1592.93	770.124	1093.51
1594.86	770.037	1092.46
1596.78	769.918	1091.95
1598.71	769.003	1091.83
1600.64	767.325	1091.05
1602.57	766.121	1089.12
1604.5	765.84	1087.06
1606.43	766.101	1085.49
1608.36	766.713	1084.56
1610.28	766.697	1084.57
1612.21	765.657	1084.49
1614.14	764.213	1083.53
1616.07	763.189	1081.76
1618	762.916	1079.79
1619.93	763.354	1078.17
1621.85	764.036	1077.38
1623.78	763.976	1077.35
1625.71	763.186	1076.97
1627.64	762.648	1075.94
1629.57	762.374	1075.12
1631.5	761.803	1074.55
1633.43	760.885	1073.65
1635.35	760.476	1072.16
1637.28	760.68	1071.01
1639.21	760.646	1070.59
1641.14	760.176	1070.17
1643.07	759.575	1069.51
1645	759.001	1068.74
1646.93	758.621	1067.98
1648.85	758.039	1067.54
1650.78	756.868	1067
1652.71	755.649	1065.66
1654.64	755.437	1063.86
1656.57	755.587	1062.96
1658.5	754.889	1062.57
1660.42	754	1061.35
1662.35	753.973	1059.78
1664.28	754.22	1059.03
1666.21	753.906	1058.8
1668.14	753.12	1058.34
1670.07	752.247	1057.55
1672	751.208	1056.56
1673.92	750.216	1054.99
1675.85	750.272	1052.96
1677.78	750.988	1051.84
1679.71	751.106	1051.67
1681.64	750.665	1051.34
1683.57	750.068	1050.76
1685.49	749.282	1050.04
1687.42	748.57	1048.9
1689.35	748.363	1047.55
1691.28	748.693	1046.62
1693.21	748.629	1046.51
1695.14	747.683	1046.33
1697.07	746.946	1045.31
1698.99	746.605	1044.46
1700.92	745.857	1043.97
1702.85	744.845	1042.94
1704.78	744.584	1041.36
1706.71	745.085	1040.5
1708.64	744.662	1040.84
1710.57	742.875	1040.6
1712.49	741.484	1038.69
1714.42	741.637	1036.53
1716.35	742.165	1035.63
1718.28	742.047	1035.36
1720.21	741.533	1034.84
1722.14	740.899	1034.1
1724.06	740.316	1033.15
1725.99	740.002	1032.07
1727.92	739.869	1031.2
1729.85	739.721	1030.58
1731.78	739.379	1030.13
1733.71	738.789	1029.69
1735.64	737.849	1029.04
1737.56	737.187	1027.84
1739.49	737.165	1026.73
1741.42	736.891	1026.34
1743.35	736.174	1025.8
1745.28	735.706	1024.87
1747.21	735.371	1024.24
1749.13	734.737	1023.82
1751.06	733.842	1023.21
1752.99	732.988	1022.31
1754.92	732.298	1021.34
1756.85	731.568	1020.47
1758.78	730.604	1019.48
1760.71	729.714	1017.99
1762.63	729.783	1016.22
1764.56	730.155	1015.43
1766.49	729.726	1015.3
1768.42	728.625	1014.65
1770.35	727.728	1013.22
1772.28	727.445	1011.57
1774.2	727.732	1010.24
1776.13	728.105	1009.59
1778.06	727.8	1009.42
1779.99	726.921	1008.76
1781.92	726.713	1007.36
1783.85	727.058	1006.57
1785.78	726.905	1006.52
1787.7	726.275	1006.29
1789.63	725.479	1005.82
1791.56	724.571	1005.13
1793.49	723.887	1004.18
1795.42	723.261	1003.4
1797.35	722.293	1002.6
1799.28	721.544	1001.3
1801.2	721.039	1000.07
1803.13	720.469	998.841
1805.06	720.311	997.323
1806.99	720.624	996.164
1808.92	720.764	995.663
1810.85	720.256	995.28
1812.77	719.573	994.282
1814.7	719.657	992.898
1816.63	720.215	992.292
1818.56	720.093	992.56
1820.49	719.041	992.61
1822.42	717.753	991.819
1824.35	716.878	990.438
1826.27	716.562	989.002
1828.2	716.649	987.871
1830.13	716.649	987.213
1832.06	716.481	986.669
1833.99	716.047	986.162
1835.92	715.634	985.434
1837.84	715.409	984.788
1839.77	714.788	984.438
1841.7	713.995	983.662
1843.63	713.536	982.606
1845.56	713.305	981.781
1847.49	712.995	981.25
1849.42	712.143	980.784
1851.34	711.264	979.65
1853.27	711.075	978.215
1855.2	711.209	977.316
1857.13	711.188	976.829
1859.06	710.974	976.49
1860.99	710.386	976.279
1862.92	709.242	975.767
1864.84	708.519	974.405
1866.77	708.774	973.257
1868.7	708.603	973.297
1870.63	707.348	973.221
1872.56	705.927	972.033
1874.49	705.441	970.22
1876.41	705.561	968.979
1878.34	705.351	968.298
1880.27	705.094	967.355
1882.2	705.025	966.437
1884.13	705.272	965.756
1886.06	705.282	965.757
1887.99	704.383	965.938
1889.91	703.205	965.337
1891.84	702.416	964.341
1893.77	701.692	963.564
1895.7	700.708	962.706
1897.63	699.776	961.376
1899.56	699.446	959.764
1901.48	699.47	958.588
1903.41	699.23	957.781
1905.34	698.913	956.75
1907.27	698.972	955.663
1909.2	698.898	955.039
1911.13	698.627	954.326
1913.06	698.576	953.497
1914.98	698.519	953
1916.91	698.16	952.615
1918.84	697.858	952.048
1920.77	697.613	951.746
1922.7	696.722	951.8
1924.63	694.934	951.239
1926.56	693.684	949.244
1928.48	693.756	947.077
1930.41	694.381	945.82
1932.34	694.867	945.235
1934.27	695.073	944.938
1936.2	695.168	944.833
1938.13	694.612	945.129
1940.05	693.273	945.008
1941.98	691.865	943.899
1943.91	691.313	942.112
1945.84	691.844	940.747
1947.77	692.107	940.658
1949.7	691.35	940.743
1951.63	690.384	940.073
1953.55	689.475	939.118
1955.48	688.789	937.84
1957.41	688.676	936.446
1959.34	688.782	935.54
1961.27	688.702	934.931
1963.2	688.621	934.321
1965.12	688.505	934.009
1967.05	687.662	933.97
1968.98	686.205	933.151
1970.91	685.483	931.159
1972.84	686.233	929.294
1974.77	687.413	928.92
1976.7	687.558	929.709
1978.62	686.405	930.24
1980.55	684.894	929.649
1982.48	684.221	928.341
1984.41	683.934	927.639
1986.34	683.005	927.314
1988.27	681.846	926.287
1990.19	681.295	924.809
1992.12	680.904	923.716
1994.05	680.406	922.598
1995.98	680.051	921.22
1997.91	680.208	919.748
1999.84	680.911	918.731
2001.77	681.494	918.622
2003.69	681.154	918.989
2005.62	680.172	918.833
2007.55	679.155	918.022
2009.48	678.496	916.795
2011.41	678.538	915.564
2013.34	678.771	915.098
2015.27	678.121	915.18
2017.19	676.816	914.47
2019.12	676.27	912.763
2021.05	676.798	911.483
2022.98	676.994	911.458
2024.91	676.068	911.489
2026.84	675.093	910.506
2028.76	674.642	909.288
2030.69	674.299	908.305
2032.62	674.086	907.265
2034.55	674.053	906.358
2036.48	673.796	905.647
2038.41	673.855	904.657
2040.34	674.268	904.179
2042.26	673.858	904.426
2044.19	672.806	904.003
2046.12	672.396	902.828
2048.05	672.434	902.232
2049.98	671.77	902.241
2051.91	670.463	901.629
2053.83	669.563	900.099
2055.76	669.402	898.507
2057.69	669.616	897.341
2059.62	669.755	896.524
2061.55	670.13	895.728
2063.48	670.72	895.538
2065.41	670.449	896.178
2067.33	669.116	896.399
2069.26	667.767	895.555
2071.19	666.758	894.307
2073.12	666.136	892.795
2075.05	666.295	891.206
2076.98	666.96	890.382
2078.91	667.022	890.459
2080.83	666.385	890.38
2082.76	665.493	889.818
2084.69	664.702	888.834
2086.62	664.26	887.612
2088.55	664.252	886.459
2090.48	664.482	885.725
2092.4	664.415	885.464
2094.33	663.962	885.169
2096.26	663.417	884.663
2098.19	662.743	884.112
2100.12	661.866	883.315
2102.05	661.214	882
2103.97	661.363	880.582
2105.9	661.749	879.969
2107.83	661.526	879.889
2109.76	660.845	879.48
2111.69	660.224	878.677
2113.62	659.705	877.803
2115.55	659.249	876.831
2117.48	658.979	875.754
2119.4	659.006	874.746
2121.33	659.004	874.056
2123.26	658.98	873.398
2125.19	659.016	872.88
2127.12	658.794	872.656
2129.05	658.03	872.284
2130.97	657.64	871.224
2132.9	657.761	870.482
2134.83	657.426	870.369
2136.76	656.651	869.892
2138.69	656.072	868.939
2140.62	655.768	867.992
2142.54	655.766	867.215
2144.47	655.42	866.902
2146.4	654.617	866.312
2148.33	653.968	865.076
2150.26	654.157	863.64
2152.19	654.792	862.992
2154.12	654.837	863.146
2156.04	654.234	863.122
2157.97	653.459	862.646
2159.9	652.863	861.923
2161.83	652.275	861.299
2163.76	651.31	860.546
2165.69	650.693	859.063
2167.62	650.846	857.619
2169.54	650.974	856.809
2171.47	651.147	855.94
2173.4	651.669	855.317
2175.33	651.857	855.431
2177.26	651.266	855.596
2179.19	650.435	855.129
2181.12	649.872	854.296
2183.04	649.579	853.517
2184.97	649.205	852.911
2186.9	648.848	852.134
2188.83	648.796	851.344
2190.76	648.766	850.936
2192.69	648.443	850.734
2194.61	647.858	850.439
2196.54	647.092	849.97
2198.47	646.201	849.228
2200.4	645.38	848.035
2202.33	645.34	846.441
2204.26	646.147	845.492
2206.19	646.473	845.837
2208.11	645.391	846.279
2210.04	644.023	845.385
2211.97	643.677	843.808
2213.9	643.893	842.948
2215.83	643.748	842.735
2217.76	642.987	842.449
2219.68	641.987	841.544
2221.61	641.677	840.048
2223.54	642.017	839.057
2225.47	641.843	838.87
2227.4	641.008	838.306
2229.33	640.598	836.928
2231.26	640.999	835.764
2233.18	641.219	835.497
2235.11	640.747	835.28
2237.04	640.278	834.443
2238.97	640.318	833.52
2240.9	640.417	833.126
2242.83	640.108	832.977
2244.75	639.502	832.622
2246.68	638.687	831.987
2248.61	638.062	830.868
2250.54	637.928	829.61
2252.47	638.173	828.619
2254.4	638.49	828.029
2256.33	638.701	827.717
2258.25	638.906	827.619
2260.18	638.731	828.001
2262.11	637.726	828.462
2264.04	636.079	828.253
2265.97	634.411	827.064
2267.9	633.545	825.086
2269.83	633.75	823.255
2271.75	634.216	822.344
2273.68	634.139	821.923
2275.61	633.757	821.161
2277.54	633.637	820.064
2279.47	633.837	819.104
2281.4	634.203	818.433
2283.32	634.523	818.116
2285.25	634.683	818.075
2287.18	634.401	818.288
2289.11	633.567	818.334
2291.04	632.678	817.868
2292.97	631.773	817.263
2294.9	630.79	816.387
2296.82	629.939	815.092
2298.75	629.471	813.427
2300.68	629.99	811.64
2302.61	631.173	810.864
2304.54	631.598	811.345
2306.47	630.807	811.712
2308.39	629.829	811.101
2310.32	629.027	810.146
2312.25	628.197	808.835
2314.18	628.308	806.788
2316.11	629.73	805.347
2318.04	630.919	805.547
2319.97	631.17	806.199
2321.89	630.879	806.65
2323.82	630.075	807.002
2325.75	628.737	806.86
2327.68	627.647	805.797
2329.61	627.296	804.489
2331.54	627.498	803.603
2333.47	627.55	803.407
2335.39	627.027	803.401
2337.32	626.149	803.069
2339.25	625.158	802.367
2341.18	624.232	801.293
2343.11	623.564	799.86
2345.04	623.519	798.237
2346.96	624.049	797.051
2348.89	624.363	796.625
2350.82	624.027	796.25
2352.75	623.724	795.242
2354.68	623.91	794.116
2356.61	624.385	793.351
2358.54	624.877	792.965
2360.46	625.207	792.92
2362.39	625.065	793.087
2364.32	624.623	792.97
2366.25	624.364	792.609
2368.18	624.053	792.498
2370.11	623.582	792.441
2372.03	622.687	792.463
2373.96	621.144	792.043
2375.89	619.898	790.482
2377.82	619.749	788.575
2379.75	620.182	787.391
2381.68	620.333	786.825
2383.61	620.156	786.118
2385.53	620.464	785.095
2387.46	621.084	784.764
2389.39	620.841	785.14
2391.32	619.913	784.854
2393.25	619.494	783.747
2395.18	619.614	782.963
2397.1	619.352	782.683
2399.03	618.9	781.957
2400.96	618.983	780.952
2402.89	619.359	780.503
2404.82	619.218	780.583
2406.75	618.652	780.34
2408.68	618.252	779.731
2410.6	617.872	779.253
2412.53	617.294	778.683
2414.46	617.016	777.761
2416.39	616.894	777.101
2418.32	616.495	776.534
2420.25	616.292	775.546
2422.18	616.556	774.675
2424.1	616.749	774.308
2426.03	616.942	774.018
2427.96	616.877	774.108
2429.89	616.142	774.184
2431.82	615.449	773.54
2433.75	615.192	772.835
2435.67	614.78	772.497
2437.6	614.191	771.923
2439.53	613.973	771.128
2441.46	613.795	770.829
2443.39	612.931	770.773
2445.32	611.425	770.015
2447.25	610.358	768.035
2449.17	610.675	765.669
2451.1	611.805	764.234
2453.03	612.925	763.678
2454.96	613.95	763.633
2456.89	614.457	764.288
2458.82	613.835	765.126
2460.74	612.505	765.033
2462.67	611.676	763.846
2464.6	611.877	762.648
2466.53	612.248	762.368
2468.46	611.993	762.52
2470.39	611.26	762.319
2472.32	610.447	761.604
2474.24	610.043	760.434
2476.17	610.294	759.315
2478.1	610.84	758.811
2480.03	611.113	758.926
2481.96	610.713	759.247
2483.89	609.773	759.137
2485.82	608.99	758.368
2487.74	608.48	757.475
2489.67	608.283	756.525
2491.6	608.376	755.803
2493.53	608.124	755.462
2495.46	607.673	754.687
2497.39	608.095	753.544
2499.31	608.818	753.5
2501.24	608.419	754.268
2503.17	607.027	754.234
2505.1	605.959	752.943
2507.03	605.982	751.358
2508.96	606.583	750.526
2510.89	606.893	750.403
2512.81	606.912	750.315
2514.74	606.848	750.321
2516.67	606.18	750.569
2518.6	605.076	750.195
2520.53	604.469	749.1
2522.46	604.494	748.234
2524.39	604.393	748.03
2526.31	603.601	747.894
2528.24	602.616	747
2530.17	602.306	745.55
2532.1	602.626	744.476
2534.03	602.871	744.055
2535.96	602.606	743.782
2537.88	602.191	743.044
2539.81	602.292	741.981
2541.74	602.84	741.355
2543.67	603.265	741.382
2545.6	603.123	741.741
2547.53	602.314	741.887
2549.46	601.469	741.311
2551.38	601.186	740.479
2553.31	600.945	740.149
2555.24	600.155	739.865
2557.17	599.433	738.894
2559.1	599.042	737.74
2561.03	599.027	736.505
2562.95	599.756	735.425
2564.88	600.549	735.401
2566.81	600.387	735.994
2568.74	599.588	736.032
2570.67	598.767	735.511
2572.6	598.031	734.682
2574.53	597.713	733.475
2576.45	598.094	732.361
2578.38	598.784	732.021
2580.31	598.833	732.493
2582.24	597.686	732.771
2584.17	596.607	731.652
2586.1	596.657	730.115
2588.02	597.209	729.405
2589.95	597.439	729.273
2591.88	597.4	729.078
2593.81	597.463	728.841
2595.74	597.405	728.954
2597.67	596.922	729.224
2599.6	595.935	729.311
2601.52	594.47	728.804
2603.45	593.522	727.203
2605.38	594.02	725.508
2607.31	594.71	725.285
2609.24	594.3	725.631
2611.17	593.497	725.123
2613.1	593.202	724.199
2615.02	593.029	723.671
2616.95	592.553	723.197
2618.88	592.118	722.326
2620.81	591.983	721.333
2622.74	592.172	720.442
2624.67	592.73	719.928
2626.59	592.662	720.207
2628.52	591.683	720.01
2630.45	591.464	718.619
2632.38	592.14	717.832
2634.31	592.446	718.068
2636.24	592.046	718.309
2638.17	591.323	718.1
2640.09	590.79	717.488
2642.02	590.359	716.907
2643.95	589.912	716.211
2645.88	589.768	715.258
2647.81	590.228	714.482
2649.74	590.856	714.608
2651.66	590.262	715.623
2653.59	588.26	715.74
2655.52	586.718	713.931
2657.45	586.807	711.65
2659.38	587.8	710.395
2661.31	588.787	710.131
2663.24	589.291	710.522
2665.16	588.872	711.157
2667.09	587.785	711.161
2669.02	586.874	710.315
2670.95	586.431	709.184
2672.88	586.598	708.03
2674.81	587.304	707.353
2676.74	587.883	707.552
2678.66	587.846	708.216
2680.59	587.004	708.918
2682.52	585.168	709.092
2684.45	583.326	707.754
2686.38	582.906	705.487
2688.3	583.613	704.008
2690.23	584.191	703.633
2692.16	584.248	703.504
2694.09	583.988	703.209
2696.02	583.817	702.701
2697.95	583.675	702.346
2699.88	583.216	702.061
2701.81	582.763	701.376
2703.73	582.553	700.576
2705.66	582.504	699.844
2707.59	582.782	699.218
2709.52	582.947	699.191
2711.45	582.281	699.346
2713.38	581.388	698.589
2715.3	581.339	697.259
2717.23	581.981	696.598
2719.16	582.044	696.907
2721.09	581.056	696.892
2723.02	580.4	695.554
2724.95	581.162	694.074
2726.87	582.484	694.036
2728.8	582.842	695.29
2730.73	581.683	696.5
2732.66	579.725	696.507
2734.59	578.149	695.253
2736.52	577.371	693.543
2738.45	577.545	691.873
2740.38	578.24	690.993
2742.3	578.428	690.948
2744.23	577.886	690.679
2746.16	577.546	689.583
2748.09	578.281	688.436
2750.02	579.216	688.591
2751.95	578.822	689.562
2753.87	577.575	689.512
2755.8	576.897	688.404
2757.73	577.158	687.523
2759.66	577.164	687.659
2761.59	576.19	687.774
2763.52	575.115	686.814
2765.45	574.892	685.343
2767.37	575.264	684.407
2769.3	575.331	684.094
2771.23	575.015	683.544
2773.16	575.186	682.518
2775.09	575.857	681.997
2777.02	576.209	682.248
2778.94	575.823	682.561
2780.87	575.174	682.26
2782.8	575.236	681.557
2784.73	575.423	681.738
2786.66	574.379	682.353
2788.59	572.998	681.596
2790.51	572.736	680.085
2792.44	573.099	679.379
2794.37	573.165	679.357
2796.3	572.73	679.378
2798.23	572.054	679.153
2800.16	571.134	678.744
2802.09	569.837	677.782
2804.01	569.519	675.643
2805.94	570.81	673.992
2807.87	571.971	674.195
2809.8	571.866	674.894
2811.73	571.393	674.827
2813.66	571.106	674.652
2815.59	570.319	674.74
2817.51	569.196	674.112
2819.44	568.813	672.77
2821.37	568.812	671.885
2823.3	568.813	671.098
2825.23	569.493	670.286
2827.16	570.115	670.665
2829.09	569.405	671.617
2831.01	567.849	671.544
2832.94	566.508	670.341
2834.87	566.129	668.604
2836.8	566.687	667.349
2838.73	566.915	667.176
2840.66	566.122	666.848
2842.58	565.793	665.183
2844.51	566.846	663.554
2846.44	568.675	663.322
2848.37	569.55	664.844
2850.3	568.073	666.536
2852.23	565.816	665.908
2854.16	565.326	663.622
2856.08	566.485	662.342
2858.01	567.414	662.841
2859.94	566.905	663.896
2861.87	565.524	664.017
2863.8	564.366	663.156
2865.73	563.618	662.019
2867.66	563.265	660.663
2869.58	563.764	659.212
2871.51	564.991	658.631
2873.44	565.78	659.443
2875.37	564.996	660.784
2877.3	562.97	660.999
2879.23	561.255	659.522
2881.15	560.956	657.379
2883.08	561.83	656.046
2885.01	562.178	656.071
2886.94	561.64	655.836
2888.87	561.575	654.761
2890.8	561.981	654.213
2892.73	561.82	654.236
2894.65	561.426	653.725
2896.58	561.457	652.984
2898.51	561.626	652.689
2900.44	561.456	652.707
2902.37	560.731	652.572
2904.3	559.996	651.735
2906.22	560.001	650.53
2908.15	560.458	649.928
2910.08	560.47	649.933
2912.01	560.068	649.691
2913.94	559.758	649.112
2915.87	559.576	648.551
2917.8	559.487	648.016
2919.72	559.416	647.581
2921.65	559.252	647.182
2931.29	558.353	644.963
2946.72	556.939	641.286
2962.15	555.631	637.576
2977.58	554.362	633.942
2993.01	553.097	630.276
3008.43	552.069	626.485
3023.86	551.6	622.9
3039.29	550.774	620.18
3054.72	549.627	617.289
3070.14	548.4	614.365
3085.57	547.126	611.429
3101	545.825	608.491
3116.43	544.503	605.555
3131.86	543.169	602.626
3147.28	541.824	599.704
3162.71	540.472	596.792
3178.14	539.119	593.893
3193.57	537.76	591.004
3209	536.4	588.127
3224.42	535.043	585.265
3239.85	533.689	582.418
3255.28	532.337	579.585
3270.71	530.994	576.77
3286.14	529.658	573.971
3301.56	528.339	571.194
3316.99	527.044	568.442
3332.42	525.791	565.725
3347.85	524.702	563.108
3363.28	523.388	560.875
3378.7	521.86	558.559
3394.13	520.205	556.229
3409.56	518.396	553.847
3424.99	516.459	551.33
3440.41	514.51	548.622
3455.84	512.594	545.797
3471.27	510.725	542.867
3486.7	508.943	539.833
3502.13	507.295	536.744
3517.55	505.8	533.682
3532.98	504.298	530.748
3548.41	502.822	527.775
3563.84	501.368	524.85
3579.27	499.862	521.935
3594.69	498.388	518.919
3610.12	497.013	515.88
3625.55	495.726	512.882
3640.98	494.441	509.967
3656.4	493.111	507.044
3671.83	491.811	504.022
3687.26	490.689	500.936
3702.69	489.744	497.977
3718.12	488.817	495.235
3733.54	487.777	492.619
3748.97	486.668	489.982
3764.4	485.54	487.348
3779.83	484.362	484.723
3795.26	483.224	482.027
3810.68	482.128	479.385
3826.11	481.023	476.792
3841.54	479.861	474.225
3856.97	478.689	471.604
3872.39	477.546	468.971
3887.82	476.434	466.345
3903.25	475.322	463.751
3918.68	474.211	461.151
3934.11	473.111	458.55
3949.53	472.028	455.949
3964.96	470.969	453.354
3980.39	469.923	450.776
3995.82	468.904	448.205
4011.25	467.889	445.667
4026.67	466.888	443.129
4042.1	465.911	440.613
4057.53	464.94	438.131
4072.96	463.985	435.668
4088.38	463.005	433.26
4103.81	462.008	430.837
4119.24	461.009	428.425
4134.67	460.021	426.01
4150.1	459.025	423.621
4165.52	458.024	421.223
4180.95	457.051	418.829
4196.38	456.041	416.484
4211.81	455.02	414.092
4227.24	454.025	411.686
4242.66	453.06	409.287
4258.09	452.101	406.919
4273.52	451.131	404.557
4288.95	450.18	402.179
4304.38	449.251	399.82
4319.8	448.317	397.488
4335.23	447.389	395.151
4350.66	446.474	392.83
4366.09	445.548	390.532
4381.51	444.613	388.223
4396.94	443.7	385.901
4412.37	442.818	383.601
4427.8	441.907	381.348
4443.23	440.99	379.054
4458.65	440.095	376.763
4474.08	439.241	374.481
4489.51	438.361	372.264
4504.94	437.461	370.017
4520.37	436.587	367.757
4535.79	435.726	365.527
4551.22	434.838	363.313
4566.65	433.961	361.065
4582.08	433.115	358.822
4597.5	432.281	356.609
4612.93	431.429	354.414
4628.36	430.603	352.192
4643.79	429.772	350.023
4659.22	428.943	347.834
4674.64	428.11	345.666
4690.07	427.29	343.483
4705.5	426.476	341.325
4720.93	425.676	339.166
4736.35	424.866	337.043
4751.78	424.05	334.91
4767.21	423.226	332.784
4782.64	422.417	330.642
4798.07	421.609	328.524
4813.49	420.823	326.392
4828.92	420.028	324.309
4844.35	419.211	322.213
4859.78	418.41	320.101
4875.21	417.609	318.012
4890.63	416.806	315.917
4906.06	415.994	313.826
4921.49	415.201	311.707
4936.92	414.42	309.615
4952.35	413.641	307.517
4967.77	412.866	305.428
4983.2	412.091	303.334
4998.63	411.343	301.227
5014.06	410.609	299.147
5029.48	409.884	297.077
5044.91	409.153	295.027
5060.34	408.421	292.971
5075.77	407.713	290.915
5091.2	407.003	288.893
5106.62	406.295	286.866
5122.05	405.592	284.86
5137.48	404.894	282.863
5152.91	404.168	280.906
5168.34	403.431	278.913
5183.76	402.7	276.928
5199.19	401.977	274.939
5214.62	401.251	272.97
5230.05	400.504	271.003
5245.47	399.771	269.006
5260.9	399.038	267.042
5276.33	398.293	265.057
5291.76	397.556	263.067
5307.19	396.824	261.073
5322.61	396.1	259.074
5338.04	395.387	257.072
5353.47	394.678	255.077
5368.9	393.977	253.066
5384.33	393.308	251.056
5399.75	392.644	249.079
5415.18	391.98	247.095
5430.61	391.33	245.121
5446.04	390.689	243.155
5461.46	390.055	241.208
5476.89	389.415	239.28
5492.32	388.767	237.355
5507.75	388.113	235.435
5523.18	387.457	233.508
5538.6	386.814	231.577
5554.03	386.175	229.665
5569.46	385.534	227.757
5584.89	384.881	225.866
5600.32	384.224	223.955
5615.74	383.569	222.049
5631.17	382.917	220.138
5646.6	382.258	218.231
5662.03	381.617	216.296
5677.46	380.999	214.382
5692.88	380.377	212.485
5708.31	379.751	210.592
5723.74	379.115	208.703
5739.17	378.48	206.795
5754.59	377.864	204.883
5770.02	377.248	202.988
5785.45	376.642	201.075
5800.88	376.052	199.18
5816.31	375.461	197.291
5831.73	374.883	195.407
5847.16	374.295	193.55
5862.59	373.708	191.673
5878.02	373.111	189.824
5893.44	372.509	187.943
5908.87	371.931	186.057
5924.3	371.369	184.188
5939.73	370.81	182.335
5955.16	370.241	180.496
5970.58	369.67	178.65
5986.01	369.088	176.817
6001.44	368.508	174.954
6016.87	367.951	173.097
6032.3	367.402	171.254
6047.72	366.848	169.427
6063.15	366.297	167.591
6078.58	365.752	165.77
6094.01	365.194	163.963
6109.44	364.631	162.147
6124.86	364.062	160.334
6140.29	363.49	158.512
6155.72	362.92	156.682
6171.15	362.355	154.844
6186.57	361.805	152.997
6202	361.264	151.165
6217.43	360.726	149.324
6232.86	360.201	147.485
6248.29	359.693	145.649
6263.71	359.196	143.838
6279.14	358.694	142.04
6294.57	358.189	140.255
6310	357.664	138.483
6325.43	357.132	136.69
6340.85	356.604	134.898
6356.28	356.082	133.097
6371.71	355.573	131.309
6387.14	355.052	129.545
6402.56	354.508	127.771
6417.99	353.954	125.976
6433.42	353.41	124.16
6448.85	352.872	122.346
6464.28	352.35	120.497
6479.7	351.86	118.66
6495.13	351.388	116.833
6510.56	350.921	115.028
6525.99	350.455	113.224
6541.42	350.001	111.43
6556.84	349.547	109.659
6572.27	349.083	107.899
6587.7	348.598	106.152
6603.13	348.097	104.384
6618.55	347.588	102.605
6633.98	347.087	100.791
6649.41	346.625	98.9615
6664.84	346.194	97.1618
6680.27	345.757	95.3956
6695.69	345.298	93.6307
6711.12	344.834	91.8426
6726.55	344.395	90.0385
6741.98	343.983	88.2635
6757.41	343.55	86.5238
6772.83	343.095	84.7511
6788.26	342.673	82.9489
6803.69	342.293	81.1838
6819.12	341.903	79.4752
6834.54	341.47	77.7826
6849.97	340.99	76.0843
6865.4	340.489	74.3183
6880.83	340.03	72.508
6896.26	339.627	70.708
6911.68	339.242	68.9593
6927.11	338.831	67.2357
6942.54	338.403	65.5007
6957.97	337.97	63.7633
6973.4	337.532	62.0239
6988.82	337.078	60.2844
7004.25	336.612	58.5087
7019.68	336.165	56.7016
7035.11	335.744	54.8843
7050.53	335.356	53.0544
7065.96	334.998	51.2478
7081.39	334.647	49.4581
7096.82	334.301	47.6735
7112.25	333.966	45.8923
7127.67	333.642	44.1266
7143.1	333.325	42.3647
7158.53	333.013	40.6319
7173.96	332.689	38.8962
7189.39	332.384	37.1482
7204.81	332.099	35.4497
7220.24	331.791	33.7762
7235.67	331.45	32.1317
7251.1	331.051	30.4746
7266.52	330.605	28.7643
7281.95	330.179	26.9406
7297.38	329.86	25.0858
7312.81	329.607	23.3142
7328.24	329.304	21.6025
7343.66	328.947	19.7999
7359.09	328.703	17.8561
7374.52	328.693	16.008
7389.95	328.731	14.4825
7405.38	328.513	13.153
7420.8	327.991	11.6863
7436.23	327.424	9.86141
7451.66	327.138	7.84708
7467.09	327.141	6.02189
7482.52	327.121	4.50377
7497.94	326.872	3.02053
7513.37	326.543	1.35954
7528.8	326.339	-0.36609
7544.23	326.232	-1.98093
7559.65	326.074	-3.48516
7575.08	325.823	-5.01082
7590.51	325.567	-6.59983
7605.94	325.357	-8.17756
7621.37	325.163	-9.73
7636.79	324.96	-11.2306
7652.22	324.717	-12.7349
7667.65	324.469	-14.2456
7683.08	324.235	-15.7727
7698.51	324.037	-17.2547
7713.93	323.818	-18.6614
7729.36	323.526	-20.0375
7744.79	323.161	-21.4266
7760.22	322.748	-22.8721
7775.64	322.329	-24.3673
7791.07	321.918	-25.9063
7806.5	321.547	-27.5076
7821.93	321.254	-29.0883
7837.36	320.991	-30.6196
7852.78	320.73	-32.116
7868.21	320.464	-33.5726
7883.64	320.198	-35.0235
7899.07	319.934	-36.3581
7914.5	319.553	-37.6603
7929.92	319.079	-39.0085
7945.35	318.574	-40.4253
7960.78	318.057	-41.8589
7976.21	317.515	-43.4166
7991.63	317.096	-45.0495
8007.06	316.834	-46.6002
8022.49	316.599	-47.9126
8037.92	316.146	-49.0513
8053.35	315.404	-50.336
8068.77	314.624	-51.9077
8084.2	314.048	-53.6336
8099.63	313.693	-55.2198
8115.06	313.305	-56.5504
8130.49	312.669	-57.8137
8145.91	311.795	-59.1732
8161.34	310.783	-60.8818
8176.77	309.984	-62.9632
8192.2	309.645	-65.0403
8207.62	309.582	-66.7516
8223.05	309.416	-68.0638
8238.48	308.895	-69.1761
8253.91	307.963	-70.3933
8269.34	306.785	-72.0024
8284.76	305.7	-74.0455
8300.19	304.968	-76.3311
8315.62	304.646	-78.5316
8331.05	304.532	-80.3872
8346.48	304.269	-81.871
8361.9	303.614	-83.3815
8377.33	302.81	-85.1803
8392.76	302.143	-87.1897
8408.19	301.671	-89.1988
8423.61	301.284	-91.1472
8439.04	300.935	-93.0087
8454.47	300.546	-94.7665
8469.9	300.047	-96.5694
8485.33	299.548	-98.3966
8500.75	299.006	-100.249
8516.18	298.425	-102.225
8531.61	297.933	-104.304
8547.04	297.549	-106.392
8562.47	297.238	-108.524
8577.89	297.09	-110.634
8593.32	297.069	-112.525
8608.75	296.919	-114.241
8624.18	296.58	-116.017
8639.6	296.257	-117.945
8655.03	296.083	-119.77
8670.46	295.803	-121.517
8685.89	295.41	-123.341
8701.32	295.027	-125.294
8716.74	294.765	-127.328
8732.17	294.659	-129.262
8747.6	294.527	-131.078
8763.03	294.319	-132.879
8778.46	294.092	-134.685
8793.88	293.851	-136.504
8809.31	293.617	-138.333
8824.74	293.384	-140.102
8840.17	293.045	-141.938
8855.59	292.746	-143.84
8871.02	292.499	-145.792
8886.45	292.343	-147.654
8901.88	292.092	-149.504
8917.31	291.83	-151.409
8932.73	291.606	-153.345
8948.16	291.416	-155.271
8963.59	291.222	-157.231
8979.02	291.103	-159.174
8994.45	290.992	-161.095
9009.87	290.905	-162.98
9025.3	290.8	-164.831
9040.73	290.661	-166.656
9056.16	290.454	-168.564
9071.59	290.339	-170.525
9087.01	290.309	-172.433
9102.44	290.265	-174.264
9117.87	290.161	-176.102
9133.3	290.074	-177.924
9148.72	289.926	-179.754
9164.15	289.761	-181.693
9179.58	289.742	-183.605
9195.01	289.702	-185.46
9210.44	289.646	-187.325
9225.86	289.639	-189.13
9241.29	289.548	-190.883
9256.72	289.351	-192.704
9272.15	289.163	-194.66
9287.58	289.111	-196.675
9303	289.188	-198.593
9318.43	289.215	-200.418
9333.86	289.178	-202.244
9349.29	289.132	-204.093
9364.71	289.082	-205.983
9380.14	289.088	-207.892
9395.57	289.143	-209.786
9411	289.25	-211.598
9426.43	289.295	-213.328
9441.85	289.236	-215.076
9457.28	289.155	-216.886
9472.71	289.095	-218.749
9488.14	289.09	-220.61
9503.57	289.085	-222.441
9518.99	289.043	-224.287
9534.42	289.017	-226.161
9549.85	289.005	-228.07
9565.28	289.071	-229.961
9580.7	289.135	-231.796
9596.13	289.157	-233.621
9611.56	289.169	-235.466
9626.99	289.19	-237.308
9642.42	289.176	-239.174
9657.84	289.181	-241.098
9673.27	289.27	-243.016
9688.7	289.364	-244.902
9704.13	289.467	-246.765
9719.56	289.556	-248.629
9734.98	289.678	-250.468
9750.41	289.759	-252.279
9765.84	289.805	-254.115
9781.27	289.865	-255.968
9796.69	289.912	-257.816
9812.12	289.9	-259.731
9827.55	289.96	-261.73
9842.98	290.112	-263.752
9858.41	290.378	-265.712
9873.83	290.649	-267.55
9889.26	290.801	-269.359
9904.69	290.92	-271.246
9920.12	291.11	-273.181
9935.55	291.368	-275.087
9950.97	291.64	-276.926
9966.4	291.847	-278.768
9981.83	292.126	-280.595
9997.26	292.34	-282.389
10012.7	292.544	-284.199
10028.1	292.713	-286.063
10043.5	292.982	-287.952
10059	293.27	-289.801
10074.4	293.577	-291.612
10089.8	293.847	-293.413
10105.3	294.167	-295.188
10120.7	294.422	-296.926
10136.1	294.641	-298.696
10151.5	294.879	-300.498
10167	295.138	-302.297
10182.4	295.389	-304.097
10197.8	295.661	-305.898
10213.3	295.927	-307.681
10228.7	296.153	-309.485
10244.1	296.399	-311.337
10259.5	296.696	-313.2
10275	296.982	-315.095
10290.4	297.41	-316.984
10305.8	297.839	-318.781
10321.2	298.235	-320.553
10336.7	298.658	-322.3
10352.1	299.016	-324.033
10367.5	299.397	-325.789
10383	299.771	-327.552
10398.4	300.203	-329.309
10413.8	300.635	-331.013
10429.2	301.038	-332.675
10444.7	301.336	-334.389
10460.1	301.744	-336.176
10475.5	302.219	-337.902
10491	302.669	-339.546
10506.4	303.02	-341.196
10521.8	303.388	-342.917
10537.2	303.813	-344.652
10552.7	304.271	-346.355
10568.1	304.73	-348.035
10583.5	305.225	-349.665
10598.9	305.624	-351.268
10614.4	306.047	-352.899
10629.8	306.435	-354.532
10645.2	306.848	-356.187
10660.7	307.256	-357.852
10676.1	307.732	-359.489
10691.5	308.108	-361.111
10706.9	308.535	-362.801
10722.4	309.031	-364.464
10737.8	309.497	-366.089
10753.2	309.998	-367.703
10768.7	310.469	-369.282
10784.1	310.898	-370.893
10799.5	311.427	-372.504
10814.9	311.895	-374.065
10830.4	312.395	-375.632
10845.8	312.864	-377.173
10861.2	313.328	-378.731
10876.6	313.825	-380.282
10892.1	314.335	-381.774
10907.5	314.742	-383.252
10922.9	315.17	-384.779
10938.4	315.6	-386.293
10953.8	315.988	-387.822
10969.2	316.399	-389.398
10984.6	316.884	-390.954
11000.1	317.311	-392.448
11015.5	317.647	-394.01
11030.9	318.053	-395.715
11046.4	318.719	-397.382
11061.8	319.368	-398.832
11077.2	319.901	-400.17
11092.6	320.194	-401.586
11108.1	320.618	-403.187
11123.5	321.16	-404.758
11138.9	321.769	-406.209
11154.4	322.27	-407.52
11169.8	322.53	-408.89
11185.2	322.788	-410.525
11200.6	323.402	-412.216
11216.1	324.048	-413.661
11231.5	324.537	-415.001
11246.9	324.88	-416.448
11262.3	325.375	-418.015
11277.8	325.973	-419.491
11293.2	326.533	-420.837
11308.6	326.946	-422.162
11324.1	327.336	-423.563
11339.5	327.71	-425.011
11354.9	328.103	-426.517
11370.3	328.561	-428.061
11385.8	329.1	-429.592
11401.2	329.698	-431.056
11416.6	330.283	-432.439
11432.1	330.846	-433.765
11447.5	331.346	-435.045
11462.9	331.76	-436.345
11478.3	332.203	-437.679
11493.8	332.619	-438.971
11509.2	332.901	-440.305
11524.6	333.264	-441.752
11540	333.674	-443.174
11555.5	334.046	-444.589
11570.9	334.44	-446.054
11586.3	334.919	-447.501
11601.8	335.332	-448.904
11617.2	335.763	-450.372
11632.6	336.322	-451.819
11648	336.892	-453.12
11663.5	337.338	-454.309
11678.9	337.56	-455.546
11694.3	337.746	-456.998
11709.8	338.086	-458.592
11725.2	338.604	-460.148
11740.6	339.181	-461.542
11756	339.578	-462.854
11771.5	339.932	-464.286
11786.9	340.385	-465.785
11802.3	340.877	-467.294
11817.8	341.599	-468.752
11833.2	342.412	-469.852
11848.6	342.741	-470.669
11864	342.63	-471.745
11879.5	342.513	-473.281
11894.9	342.674	-475.084
11910.3	343.13	-476.895
11925.7	343.768	-478.569
11941.2	344.479	-480.06
11956.6	345.129	-481.374
11972	345.576	-482.654
11987.5	346.018	-484.057
12002.9	346.539	-485.48
12018.3	347.084	-486.845
12033.7	347.596	-488.182
12049.2	348.166	-489.484
12064.6	348.65	-490.674
12080	348.935	-491.917
12095.5	349.28	-493.338
12110.9	349.744	-494.793
12126.3	350.327	-496.176
12141.7	350.943	-497.371
12157.2	351.304	-498.426
12172.6	351.41	-499.661
12188	351.678	-501.15
12203.4	352.088	-502.623
12218.9	352.52	-504.041
12234.3	353.005	-505.443
12249.7	353.588	-506.721
12265.2	353.974	-507.819
12280.6	354.086	-509.021
12296	354.211	-510.51
12311.4	354.618	-512.088
12326.9	355.117	-513.453
12342.3	355.338	-514.711
12357.7	355.387	-516.252
12373.2	355.781	-518.062
12388.6	356.414	-519.756
12404	357.184	-521.25
12419.4	357.929	-522.488
12434.9	358.415	-523.571
12450.3	358.662	-524.765
12465.7	358.899	-526.187
12481.1	359.334	-527.694
12496.6	359.821	-529.088
12512	360.24	-530.423
12527.4	360.584	-531.816
12542.9	361.04	-533.277
12558.3	361.526	-534.674
12573.7	362.047	-535.997
12589.1	362.485	-537.188
12604.6	362.616	-538.409
12620	362.687	-539.962
12635.4	363.114	-541.689
12650.9	363.614	-543.261
12666.3	364.131	-544.798
12681.7	364.705	-546.321
12697.1	365.367	-547.764
12712.6	365.997	-549.072
12728	366.584	-550.265
12743.4	366.906	-551.39
12758.8	367.013	-552.748
12774.3	367.323	-554.406
12789.7	367.967	-555.997
12805.1	368.545	-557.314
12820.6	368.937	-558.602
12836	369.263	-560.022
12851.4	369.704	-561.515
12866.8	370.113	-562.973
12882.3	370.531	-564.513
12897.7	371.156	-566.049
12913.1	371.738	-567.366
12928.6	371.991	-568.725
12944	372.449	-570.389
12959.4	373.177	-571.932
12974.8	373.783	-573.207
12990.3	374.108	-574.527
13005.7	374.436	-576.144
13021.1	375.126	-577.868
13036.6	375.957	-579.324
13052	376.552	-580.63
13067.4	377.178	-582.081
13082.8	378.002	-583.458
13098.3	378.693	-584.586
13113.7	379.092	-585.772
13129.1	379.633	-587.19
13144.5	380.324	-588.528
13160	380.994	-589.706
13175.4	381.544	-590.811
13190.8	382.05	-591.897
13206.3	382.352	-592.964
13221.7	382.552	-594.224
13237.1	382.95	-595.616
13252.5	383.444	-596.829
13268	383.651	-597.87
13283.4	383.435	-599.194
13298.8	383.518	-601.065
13314.3	384.093	-602.934
13329.7	384.788	-604.481
13345.1	385.365	-605.844
13360.5	385.838	-607.199
13376	386.317	-608.544
13391.4	386.585	-609.87
13406.8	386.864	-611.377
13422.2	387.155	-612.961
13437.7	387.505	-614.639
13453.1	387.91	-616.418
13468.5	388.611	-618.27
13484	389.57	-619.864
13499.4	390.329	-621.119
13514.8	390.869	-622.364
13530.2	391.32	-623.668
13545.7	391.538	-625.083
13561.1	391.857	-626.819
13576.5	392.465	-628.648
13592	393.266	-630.343
13607.4	394.115	-631.857
13622.8	394.938	-633.218
13638.2	395.674	-634.436
13653.7	396.175	-635.563
13669.1	396.371	-636.819
13684.5	396.473	-638.437
13699.9	396.768	-640.419
13715.4	397.573	-642.525
13730.8	398.739	-644.32
13746.2	399.949	-645.644
13761.7	400.683	-646.683
13777.1	401.168	-647.949
13792.5	401.695	-649.447
13807.9	402.349	-651.03
13823.4	403.212	-652.564
13838.8	404.083	-653.885
13854.2	404.875	-655.041
13869.7	405.351	-656.133
13885.1	405.703	-657.435
13900.5	406.096	-658.869
13915.9	406.396	-660.357
13931.4	406.597	-662.113
13946.8	407.114	-664.245
13962.2	408.266	-666.327
13977.7	409.557	-667.883
13993.1	410.62	-669.115
14008.5	411.469	-670.305
14023.9	412.171	-671.54
14039.4	412.731	-672.912
14054.8	413.484	-674.474
14070.2	414.449	-675.887
14085.6	415.289	-677.005
14101.1	415.719	-678.093
14116.5	415.908	-679.581
14131.9	416.461	-681.484
14147.4	417.371	-683.309
14162.8	418.331	-684.954
14178.2	419.45	-686.549
14193.6	420.731	-687.879
14209.1	421.812	-688.83
14224.5	422.447	-689.696
14239.9	422.792	-690.836
14255.4	423.182	-692.312
14270.8	423.719	-693.959
14286.2	424.473	-695.663
14301.6	425.417	-697.265
14317.1	426.345	-698.691
14332.5	427.163	-700.095
14347.9	428.076	-701.554
14363.3	428.996	-702.901
14378.8	429.819	-704.202
14394.2	430.612	-705.557
14409.6	431.491	-706.877
14425.1	432.112	-708.101
14440.5	432.547	-709.629
14455.9	433.347	-711.5
14471.3	434.476	-713.258
14486.8	435.762	-714.769
14502.2	437.002	-716.045
14517.6	438.222	-717.149
14533.1	439.184	-718.048
14548.5	439.777	-719.025
14563.9	440.212	-720.363
14579.3	440.883	-722.054
14594.8	441.911	-723.802
14610.2	443.254	-725.36
14625.6	444.702	-726.544
14641	445.906	-727.385
14656.5	446.742	-728.193
14671.9	447.356	-729.257
14687.3	448.206	-730.576
14702.8	449.284	-731.739
14718.2	450.324	-732.541
14733.6	450.752	-733.166
14749	450.726	-734.32
14764.5	451.073	-736.147
14779.9	451.967	-738.048
14795.3	453.248	-739.648
14810.8	454.445	-740.855
14826.2	455.515	-741.949
14841.6	456.491	-742.983
14857	457.378	-743.946
14872.5	458.019	-744.881
14887.9	458.471	-746.017
14903.3	458.928	-747.47
14918.8	459.823	-749.079
14934.2	460.863	-750.347
14949.6	461.58	-751.383
14965	461.963	-752.637
14980.5	462.31	-754.384
14995.9	463.234	-756.502
15011.3	464.614	-758.438
15026.7	466.363	-760.002
15042.2	468.057	-761.006
15057.6	469.331	-761.707
15073	470.274	-762.504
15088.5	471.178	-763.48
15103.9	472.05	-764.509
15119.3	472.959	-765.59
15134.7	473.883	-766.649
15150.2	474.737	-767.714
15165.6	475.698	-768.828
15181	476.663	-769.826
15196.5	477.535	-770.756
15211.9	478.345	-771.677
15227.3	479.018	-772.6
15242.7	479.641	-773.605
15258.2	480.156	-774.677
15273.6	480.627	-775.934
15289	481.287	-777.33
15304.4	481.999	-778.645
15319.9	482.555	-779.992
15335.3	483.136	-781.636
15350.7	484.158	-783.465
15366.2	485.58	-784.987
15381.6	486.787	-786.075
15397	487.8	-787.141
15412.4	488.626	-788.287
15427.9	489.469	-789.635
15443.3	490.445	-791.11
15458.7	491.705	-792.582
15474.2	493.124	-793.8
15489.6	494.425	-794.756
15505	495.563	-795.635
15520.4	496.546	-796.543
15535.9	497.436	-797.607
15551.3	498.598	-798.801
15566.7	499.905	-799.76
15582.1	501.062	-800.503
15597.6	502.169	-801.217
15613	503.309	-801.759
15628.4	504.148	-801.983
15643.9	504.349	-802.214
15659.3	504.178	-802.945
15674.7	503.995	-804.279
15690.1	504.229	-806.09
15705.6	505.064	-807.962
15721	506.358	-809.43
15736.4	507.528	-810.286
15751.9	508.162	-810.855
15767.3	508.195	-811.593
15782.7	507.685	-812.989
15798.1	507.428	-815.488
15813.6	508.434	-818.614
15829	510.767	-821.112
15844.4	513.143	-822.26
15859.9	514.678	-822.782
15875.3	515.851	-823.423
15890.7	516.549	-824.137
15906.1	517.071	-825.261
15921.6	517.636	-826.79
15937	518.71	-828.555
15952.4	520.02	-830.057
15967.8	521.204	-831.411
15983.3	522.435	-832.933
15998.7	524.093	-834.475
16014.1	525.892	-835.669
16029.6	527.791	-836.584
16045	529.734	-837.062
16060.4	531.206	-837.107
16075.8	532.435	-837.07
16091.3	533.221	-836.795
16106.7	533.266	-836.541
16122.1	532.497	-836.926
16137.6	531.989	-838.337
16153	531.952	-840.053
16168.4	532.011	-841.851
16183.8	532.238	-843.976
16199.3	532.984	-846.339
16214.7	534.089	-848.599
16230.1	535.457	-850.798
16245.5	537.386	-852.813
16261	539.388	-854.225
16276.4	541.163	-855.281
16291.8	542.701	-856.239
16307.3	544.052	-857.265
16322.7	545.571	-858.386
16338.1	547.128	-859.323
16353.5	548.745	-860.035
16369	550.066	-860.368
16384.4	550.627	-860.728
16399.8	550.927	-861.785
16415.3	551.636	-863.407
16430.7	552.862	-865.041
16446.1	554.24	-866.424
16461.5	555.558	-867.785
16477	557.394	-869.163
16492.4	559.393	-869.886
16507.8	560.709	-870.114
16523.2	561.464	-870.66
16538.7	562.326	-871.664
16554.1	563.195	-872.787
16569.5	564.096	-874.245
16585	565.777	-875.915
16600.4	567.81	-876.986
16615.8	569.618	-877.54
16631.2	571.109	-877.992
16646.7	572.729	-878.349
16662.1	573.859	-878.247
16677.5	574.038	-878.361
16693	573.909	-879.539
16708.4	574.593	-881.662
16723.8	576.407	-883.797
16739.2	579.053	-885.146
16754.7	581.578	-885.386
16770.1	583.376	-885.036
16785.5	584.453	-884.752
16801	585.213	-884.898
16816.4	586.168	-885.367
16831.8	587.34	-885.718
16847.2	588.394	-885.738
16862.7	588.914	-885.631
16878.1	588.89	-885.958
16893.5	589.057	-887.03
16908.9	589.947	-888.296
16924.4	591.092	-889.103
16939.8	591.968	-889.578
16955.2	592.465	-890.19
16970.7	593.163	-891.123
16986.1	593.977	-891.985
17001.5	594.73	-892.821
17016.9	595.607	-893.71
17032.4	596.59	-894.403
17047.8	597.145	-894.91
17063.2	597.292	-895.882
17078.7	597.993	-897.507
17094.1	599.62	-898.837
17109.5	601.024	-899.191
17124.9	601.322	-899.472
17140.4	601.562	-900.693
17155.8	602.504	-902.308
17171.2	603.812	-903.676
17186.6	605.316	-904.834
17202.1	607.017	-905.775
17217.5	608.897	-906.391
17232.9	611.006	-906.441
17248.4	612.904	-905.454
17263.8	613.251	-903.637
17279.2	611.662	-902.582
17294.6	609.699	-903.505
17310.1	608.809	-905.831
17325.5	609.321	-908.254
17340.9	610.326	-909.914
17356.4	610.923	-911.19
17371.8	611.464	-912.855
17387.2	612.63	-914.796
17402.6	614.614	-916.236
17418.1	616.525	-916.535
17433.5	617.331	-916.152
17448.9	616.827	-916.322
17464.3	616.333	-917.904
17479.8	617.127	-920.114
17495.2	618.733	-921.556
17510.6	619.912	-922.065
17526.1	620.149	-922.582
17541.5	620.209	-923.858
17556.9	620.708	-925.618
17572.3	621.658	-927.414
17587.8	623.128	-928.981
17603.2	624.895	-929.865
17618.6	626.201	-929.864
17634.1	626.319	-929.442
17649.5	624.702	-929.753
17664.9	622.476	-932.314
17680.3	621.76	-937.26
17695.8	624.265	-942.984
17711.2	630.089	-946.678
17726.6	636.249	-946.173
17742	639.17	-942.632
17757.5	637.788	-939.681
17772.9	634.622	-940.341
17788.3	633.491	-944.393
17803.8	636.174	-948.612
17819.2	640.456	-949.785
17834.6	642.538	-948.23
17850	641.396	-947.314
17865.5	639.775	-949.346
17880.9	640.094	-953.387
17896.3	643.313	-957.132
17911.8	647.901	-958.25
17927.2	650.558	-956.826
17942.6	650.352	-955.782
17958	649.55	-957.193
17973.5	650.489	-960.298
17988.9	653.82	-962.869
18004.3	657.841	-963.116
18019.8	660.307	-961.417
18035.2	660.322	-959.77
18050.6	658.979	-960.245
18066	659.54	-962.9
18081.5	662.976	-964.548
18096.9	665.797	-963.063
18112.3	665.436	-960.715
18127.7	663.236	-960.52
18143.2	661.977	-962.672
18158.6	662.515	-965.229
18174	663.682	-966.9
18189.5	664.411	-968.173
18204.9	665.459	-969.769
18220.3	667.229	-970.922
18235.7	668.57	-971.042
18251.2	668.896	-970.922
18266.6	668.711	-971.161
18282	668.023	-971.579
18297.5	666.099	-972.638
18312.9	663.633	-975.768
18328.3	662.766	-981.362
18343.7	665.777	-987.552
18359.2	672.257	-990.466
18374.6	676.833	-988.143
18390	675.261	-984.772
18405.4	670.084	-986.302
18420.9	667.643	-993.861
18436.3	672.59	-1002.69
18451.7	682.894	-1005.54
18467.2	690.286	-999.722
18482.6	687.351	-991.272
18498	676.588	-990.062
18513.4	667.45	-999.795
18528.9	668.058	-1015.68
18544.3	680.07	-1028.03
18559.7	695.19	-1029.01
18575.2	702.064	-1021.43
18590.6	698.409	-1016.44
18606	693.97	-1020.93
18621.4	697.508	-1029.93
18636.9	706.818	-1034.43
18652.3	714.257	-1032.56
18667.7	716.228	-1029.51
18683.1	715.501	-1030.28
18698.6	717.382	-1034.83
18714	722.883	-1039.19
18729.4	729.788	-1041.24
18744.9	736.882	-1041.27
18760.3	743.275	-1039.6
18775.7	748.159	-1037.14
18791.1	752.632	-1034.74
18806.6	756.938	-1031.57
18822	759.561	-1027.45
18837.4	760.059	-1024.07
18852.9	760.525	-1022.36
18868.3	761.488	-1021
18883.7	761.546	-1019.8
18899.1	761.598	-1020.06
18914.6	763.339	-1021.17
18930	766.295	-1021.42
18945.4	769.445	-1020.3
18960.9	771.885	-1017.78
18976.3	770.095	-1017.54
