100.281	3548.42	956.89
100.924	3554.26	970.908
101.567	3544.27	985.29
102.21	3525.92	989.234
102.852	3510.22	983.468
103.495	3500.8	977.25
104.138	3491.78	974.687
104.781	3478.53	970.086
105.424	3465.36	957.208
106.067	3459.68	939.653
106.709	3462.72	924.101
107.352	3470.25	915.86
107.995	3477.53	912.262
108.638	3482.84	914.958
109.281	3482.14	919.215
109.924	3477.48	919.573
110.566	3474.22	915.645
111.209	3475.44	911.664
111.852	3479.05	912.984
112.495	3478.13	920.682
113.138	3468.78	925.502
113.781	3456.29	922.638
114.423	3447.74	911.079
115.066	3448.04	898.553
115.709	3454.7	890.352
116.352	3462.44	890.479
116.995	3464.7	894.687
117.637	3462.31	895.52
118.28	3460.81	893.322
118.923	3461.96	890.838
119.566	3464.63	891.168
120.209	3465.1	895.023
120.852	3460.44	898.402
121.494	3452.13	896.357
122.137	3445.87	885.74
122.78	3448.96	870.252
123.423	3462.96	860.201
124.066	3481.1	861.168
124.709	3494.2	873.934
125.351	3496.16	888.096
125.994	3492.04	896.16
126.637	3488.58	899.543
127.28	3487.16	902.003
127.923	3485.55	905.356
128.566	3482.67	905.791
129.208	3483.05	902.24
129.851	3489.36	901.238
130.494	3496.91	906.461
131.137	3501.39	914.657
131.78	3503.85	922.812
132.423	3506.15	932.659
133.065	3505.45	947.04
133.708	3497.49	960.888
134.351	3484.27	969.154
134.994	3471.47	968.887
135.637	3464.47	965.51
136.279	3461.15	964.764
136.922	3457.06	965.136
137.565	3452.85	963.11
138.208	3451.86	959.797
138.851	3454.56	959.046
139.494	3457.3	963.891
140.136	3455.4	971.309
140.779	3448.33	976.681
141.422	3439.38	975.561
142.065	3435.22	967.829
142.708	3439.75	961.464
143.351	3448.43	962.926
143.993	3454.66	970.865
144.636	3455.11	982.625
145.279	3449.24	991.989
145.922	3440.47	996.858
146.565	3433.32	994.831
147.208	3432.6	991.929
147.85	3436.07	993.615
148.493	3437.95	1002.09
149.136	3433.21	1012.2
149.779	3423.11	1018.03
150.422	3412.73	1017.02
151.065	3406.63	1012.2
151.707	3405.82	1006.95
152.35	3408.71	1005.63
152.993	3411.24	1008.2
153.636	3411.58	1012.31
154.279	3410.66	1015.32
154.921	3410.83	1017.9
155.564	3412.91	1022.01
156.207	3414.81	1031.39
156.85	3411.19	1044.91
157.493	3399.95	1056.52
158.136	3383.29	1062.45
158.778	3365.59	1058.45
159.421	3353.89	1046.02
160.064	3352.31	1030.95
160.707	3360.34	1020.41
161.35	3372.27	1019.97
161.993	3380.87	1027.21
162.635	3384.35	1036.98
163.278	3383.63	1048.18
163.921	3378.4	1058.7
164.564	3369.29	1066.84
165.207	3358.1	1069.89
165.85	3349.35	1067.15
166.492	3346.19	1063.95
167.135	3346.57	1064.5
167.778	3345.61	1071.09
168.421	3337.96	1079.83
169.064	3324.12	1082.83
169.707	3310.78	1077.39
170.349	3303.31	1067.39
170.992	3303.31	1057.05
171.635	3307.78	1054.1
172.278	3309.34	1056.19
172.921	3305.93	1058.55
173.563	3300.83	1055.33
174.206	3300.12	1049.33
174.849	3303.78	1046.59
175.492	3307.04	1048.7
176.135	3306.78	1051.95
176.778	3304.52	1053.16
177.42	3302.79	1052.82
178.063	3302.21	1052.1
178.706	3302.68	1051.69
179.349	3303.86	1052.35
179.992	3304.88	1054.39
180.635	3304.8	1057.43
181.277	3303.32	1060.24
181.92	3301.41	1061.85
182.563	3300.01	1063.27
183.206	3298.69	1065.31
183.849	3295.79	1068.49
184.492	3290.57	1069.12
185.134	3285.98	1066.27
185.777	3284.43	1061.14
186.42	3286.43	1056.81
187.063	3290.55	1054.37
187.706	3295.88	1054.11
188.349	3300.99	1057.16
188.991	3304.37	1061.4
189.634	3306.09	1066.84
190.277	3305.7	1071.63
190.92	3304.5	1074.72
191.563	3304.13	1076.21
192.205	3305.24	1077.85
192.848	3307.76	1079.67
193.491	3311.03	1084.47
194.134	3312.75	1090.39
194.777	3313.22	1096.67
195.42	3312.89	1102.54
196.062	3312.5	1108.38
196.705	3311.9	1114.9
197.348	3310.23	1122.35
197.991	3306.66	1129.69
198.634	3301.54	1135.53
199.277	3296.77	1138.68
199.919	3294.04	1141.83
200.562	3291.81	1146.7
201.205	3288.46	1152.49
201.848	3283.14	1158.79
202.491	3275.8	1163.12
203.134	3268.15	1164.99
203.776	3261.54	1164.7
204.419	3256.65	1163.33
205.062	3253.67	1161.43
205.705	3252.74	1160.18
206.348	3253.5	1160.29
206.991	3254.03	1164.12
207.633	3252.2	1167.95
208.276	3249.36	1171.44
208.919	3246.08	1173.81
209.562	3243.74	1175.29
210.205	3242.11	1178.38
210.847	3238.8	1182.48
211.49	3233.94	1184.58
212.133	3229.92	1184.64
212.776	3227.94	1184.15
213.419	3227.53	1185.03
214.062	3226.82	1187.76
214.704	3225.25	1190.09
215.347	3224.21	1192.28
215.99	3223.99	1195.42
216.633	3222.84	1201.14
217.276	3219.56	1206.18
217.919	3214.79	1211.57
218.561	3208.22	1214.42
219.204	3202.97	1214.02
219.847	3200.33	1214.13
220.49	3198.93	1215.09
221.133	3197.65	1218.33
221.776	3194.33	1222.6
222.418	3189.57	1224.89
223.061	3185.82	1225.78
223.704	3183.01	1227.56
224.347	3180.26	1229.33
224.99	3177.15	1232.3
225.633	3173.07	1234.33
226.275	3169.25	1235.71
226.918	3165.84	1236.99
227.561	3162.96	1238.14
228.204	3160.4	1240.32
228.847	3157.12	1243.2
229.49	3152.72	1246.32
230.132	3146.43	1249.25
230.775	3138.74	1249.16
231.418	3132.27	1246.04
232.061	3128.88	1241.15
232.704	3128.41	1237.83
233.346	3128.96	1235.92
233.989	3129.68	1235.62
234.632	3130.67	1235.24
235.275	3132.21	1236.92
235.918	3132.99	1239.31
236.561	3133.65	1242.25
237.203	3133.34	1247.02
237.846	3131.31	1251.07
238.489	3128.57	1254.7
239.132	3126.21	1256.6
239.775	3124.85	1259.9
240.418	3122.7	1263.88
241.06	3119.31	1268.09
241.703	3115.04	1270.86
242.346	3111.65	1272.35
242.989	3109.44	1274.65
243.632	3107.19	1278.01
244.275	3103.76	1282.64
244.917	3098.51	1286.54
245.56	3092.48	1288.98
246.203	3087.04	1289.7
246.846	3082.42	1290.77
247.489	3077.99	1291.27
248.132	3074.05	1292.2
248.774	3069.26	1293.78
249.417	3063.88	1293.39
250.06	3059.71	1292.25
250.703	3056.37	1291.48
251.346	3053.64	1290.59
251.988	3050.57	1291.29
252.631	3046.53	1290.12
253.274	3044.05	1287.65
253.917	3043.48	1285.84
254.56	3044.14	1285.33
255.203	3044.64	1287.37
255.845	3043.48	1290.22
256.488	3041.08	1292.77
257.131	3037.67	1294.99
257.774	3034.29	1295.18
258.417	3032.18	1295.63
259.06	3030.73	1296.45
259.702	3028.47	1299.41
260.345	3024.65	1300.63
260.988	3021.1	1301.3
261.631	3018.33	1300.82
262.274	3016.21	1301.71
262.917	3013.58	1302.2
263.559	3011.13	1302.63
264.202	3008.78	1303.04
264.845	3006.6	1303.42
265.488	3004.15	1304.33
266.131	3001.43	1304.3
266.774	2999.11	1304.19
267.416	2997.26	1303.51
268.059	2996.09	1303.2
268.702	2995.76	1302.74
269.345	2995.99	1304.12
269.988	2994.86	1306.7
270.63	2992.68	1307.97
271.273	2991.01	1308.68
271.916	2990.36	1309.21
272.559	2990.08	1311.6
273.202	2988.67	1314.64
273.845	2985.52	1317.95
274.487	2981.88	1318.44
275.13	2979.82	1318.68
275.773	2978.93	1319.19
276.416	2978.41	1321.55
277.059	2976.46	1325.08
277.702	2972.87	1327.89
278.344	2968.57	1329.36
278.987	2965.18	1328.8
279.63	2963.29	1328.95
280.273	2961.68	1329.53
280.916	2960.12	1330.55
281.559	2958.63	1331.56
282.201	2957.72	1332.93
282.844	2956.23	1336.26
283.487	2952.64	1339.42
284.13	2947.57	1340.9
284.773	2943.49	1338.99
285.416	2942.52	1337.08
286.058	2943.12	1337.26
286.701	2943.56	1339.31
287.344	2942.44	1342.96
287.987	2939.86	1345.42
288.63	2937.23	1347.41
289.272	2934.86	1348.89
289.915	2932.8	1350.78
290.558	2930.26	1353.18
291.201	2927.01	1355.2
291.844	2923.2	1356.83
292.487	2919.1	1357.12
293.129	2915.95	1355.92
293.772	2914.35	1354.51
294.415	2914.89	1352.82
295.058	2917.24	1354.05
295.701	2918.75	1358.1
296.344	2918.3	1363.29
296.986	2915.74	1368.73
297.629	2911.89	1372.52
298.272	2908.31	1375.35
298.915	2905.46	1378.07
299.558	2902.64	1382.12
300.201	2898.08	1387.23
300.843	2891.26	1391.23
301.486	2883.01	1393.13
302.129	2875.42	1391.41
302.772	2870.52	1388.52
303.415	2867.84	1386.28
304.058	2865.82	1385.72
304.7	2863.65	1385.61
305.343	2860.87	1386.43
305.986	2857.55	1386
306.629	2855.39	1385.01
307.272	2853.83	1385.25
307.914	2852.44	1385.47
308.557	2850.41	1387.47
309.2	2847.28	1387.86
309.843	2845.57	1387.24
310.486	2845.22	1388.19
311.129	2844.64	1390.87
311.771	2842.66	1394.96
312.414	2838.41	1399.26
313.057	2832.88	1401.53
313.7	2827.45	1402.91
314.343	2822.18	1403.42
314.986	2817.35	1403.45
315.628	2812.93	1403.43
316.271	2808.22	1403.86
316.914	2803.24	1403.47
317.557	2797.75	1403.53
318.2	2791.05	1402.03
318.843	2785.13	1397.56
319.485	2782.09	1392.04
320.128	2781.51	1387.98
320.771	2781.21	1386.36
321.414	2779.45	1385.69
322.057	2776.71	1383.89
322.7	2774.49	1380.82
323.342	2774.07	1377.17
323.985	2774.86	1375.46
324.628	2775.06	1375.02
325.271	2773.84	1375.12
325.914	2772.05	1373.24
326.556	2772	1370.39
327.199	2773.57	1369.01
327.842	2774.79	1369.68
328.485	2774.33	1370.91
329.128	2773.14	1370.58
329.771	2772.71	1369.78
330.413	2772.76	1369.33
331.056	2773.06	1368.86
331.699	2773.84	1368.74
332.342	2774.69	1369.42
332.985	2775.08	1370.54
333.628	2775.54	1371.24
334.27	2776	1373.14
334.913	2775.52	1375.13
335.556	2774.38	1376.77
336.199	2773.07	1377.61
336.842	2771.92	1378.04
337.485	2771.55	1377.6
338.127	2772.35	1377.84
338.77	2773.23	1379.26
339.413	2773.75	1381.12
340.056	2773.34	1383.85
340.699	2771.64	1385.49
341.342	2770.48	1385.09
341.984	2771.65	1384.08
342.627	2775.12	1384.85
343.27	2778.78	1389.18
343.913	2779.88	1396.12
344.556	2777.28	1402.97
345.198	2772.78	1406.77
345.841	2768.66	1408.53
346.484	2765.54	1409.02
347.127	2763.57	1409.02
347.77	2762.49	1408.95
348.413	2762.99	1408.36
349.055	2765.18	1409.6
349.698	2767.29	1413.21
350.341	2767.82	1418.52
350.984	2766.04	1423.98
351.627	2762.89	1427.55
352.27	2760.11	1429.52
352.912	2758.48	1430.6
353.555	2758.5	1431.58
354.198	2759.79	1434.03
354.841	2761.31	1438.04
355.484	2762.58	1443.62
356.127	2762.38	1451.26
356.769	2759.87	1459.01
357.412	2755.57	1466.05
358.055	2750.35	1471.53
358.698	2745.19	1475.8
359.341	2740.62	1479.24
359.984	2737.04	1482.62
360.626	2734.16	1487.11
361.269	2730.35	1493.56
361.912	2724.29	1500.43
362.555	2715.67	1506.54
363.198	2705.67	1509.54
363.84	2696.61	1509.79
364.483	2689.77	1508.84
365.126	2684.48	1509
365.769	2679.1	1510.29
366.412	2672.8	1511.95
367.055	2665.19	1513.23
367.697	2656.87	1512.6
368.34	2649	1510.11
368.983	2642.96	1505.75
369.626	2639.14	1501.77
370.269	2636.76	1498.53
370.912	2635.01	1496.77
371.554	2633.18	1495.74
372.197	2631.71	1495.08
372.84	2630.69	1495.87
373.483	2628.13	1499.24
374.126	2622.19	1502.59
374.769	2613.8	1503.38
375.411	2602.39	1501.24
376.054	2598.7	1486.17
376.697	2603.46	1482.6
377.34	2606.66	1481.9
377.983	2608.32	1484.81
378.626	2607.01	1488.81
379.268	2602.82	1492.45
379.911	2597.1	1493.56
380.554	2591.59	1492.88
381.197	2586.94	1490.77
381.84	2583.56	1487.95
382.482	2581.99	1484.79
383.125	2582.21	1483.04
383.768	2582.66	1483.77
384.411	2581.76	1486.26
385.054	2578.72	1489.45
385.697	2573.34	1491.9
386.339	2566.9	1491.87
386.982	2560.74	1490.08
387.625	2555.77	1486.57
388.268	2551.95	1483.09
388.911	2548.68	1478.92
389.554	2546.91	1473.75
390.196	2547.25	1468.94
390.839	2549.34	1465.51
391.482	2552.01	1464.48
392.125	2553.43	1465.52
392.768	2553.7	1466.21
393.411	2553.51	1467.24
394.053	2553.05	1467.92
394.696	2552.73	1468.95
395.339	2552.02	1470.65
395.982	2550.24	1472.69
396.625	2547.29	1474.04
397.268	2544.3	1473.67
397.91	2542.36	1472.62
398.553	2541.78	1471.57
399.196	2541.52	1472.23
399.839	2540.5	1473.22
400.482	2538.63	1474.2
401.125	2537.23	1473.49
401.767	2537.41	1473.45
402.41	2538.04	1475.11
403.053	2537.93	1478.46
403.696	2535.63	1483.12
404.339	2530.85	1486.73
404.981	2524.83	1488.28
405.624	2519.06	1487.46
406.267	2514.59	1485.32
406.91	2511.47	1482.88
407.553	2509.07	1480.79
408.196	2507.16	1478.38
408.838	2506.03	1475.98
409.481	2505.95	1473.61
410.124	2506.84	1472.24
410.767	2507.9	1472.2
411.41	2508.27	1473.13
412.053	2508.45	1473.73
412.695	2508.65	1475.32
413.338	2508.04	1477.55
413.981	2506.31	1479.76
414.624	2504.04	1480.96
415.267	2502.18	1481.51
415.91	2500.6	1482.39
416.552	2498.89	1483.25
417.195	2496.84	1484.1
417.838	2495.08	1483.98
418.481	2494.07	1484.2
419.124	2493.51	1484.75
419.767	2492.99	1486.27
420.409	2491.81	1488.43
421.052	2489.93	1490.56
421.695	2487.34	1492.67
422.338	2484.08	1494.1
422.981	2480.61	1494.53
423.623	2477.83	1493.69
424.266	2476.54	1492.57
424.909	2476.78	1492.15
425.552	2478.05	1493.68
426.195	2478.07	1498.41
426.838	2474.73	1503.98
427.48	2468.22	1507.79
428.123	2460.73	1507.68
428.766	2455.59	1504.14
429.409	2453.83	1500.75
430.052	2453.68	1499.34
430.695	2453.53	1499.52
431.337	2452.75	1500.62
431.98	2451.26	1502.01
432.623	2449.23	1503.38
433.266	2446.47	1504.7
433.909	2443.55	1504.74
434.552	2441.69	1504.2
435.194	2440.91	1504.33
435.837	2440.59	1505.75
436.48	2439.38	1509
437.123	2436.1	1512.78
437.766	2430.93	1515.49
438.409	2424.98	1516.26
439.051	2419.58	1515.17
439.694	2415.46	1513.22
440.337	2412.38	1511.33
440.98	2410.22	1509.5
441.623	2408.47	1508.62
442.265	2406.72	1508.04
442.908	2404.68	1508.07
443.551	2402.01	1508.06
444.194	2398.98	1507.41
444.837	2396.43	1505.86
445.48	2394.75	1504.37
446.122	2394.1	1503.25
446.765	2393.04	1504.24
447.408	2390.21	1505.11
448.051	2386.6	1504.42
448.694	2384.15	1501.97
449.337	2383.57	1499.95
449.979	2383.94	1499.49
450.622	2383.48	1501.1
451.265	2381.3	1502.9
451.908	2377.84	1504.01
452.551	2373.83	1503.87
453.194	2370.08	1502.55
453.836	2366.9	1500.66
454.479	2364.41	1498.22
455.122	2362.35	1495.82
455.765	2361.14	1492.59
456.408	2361.6	1489.46
457.051	2363.85	1487.64
457.693	2366.8	1488.81
458.336	2367.42	1493.72
458.979	2363.14	1499.2
459.622	2355.14	1500.84
460.265	2347.43	1497.17
460.907	2343.13	1490.51
461.55	2343.02	1483.87
462.193	2344.7	1480.57
462.836	2345.52	1478.97
463.479	2344.96	1477.59
464.122	2344.01	1474.72
464.764	2344.36	1470.77
465.407	2346.1	1467.49
466.05	2348.14	1465.09
466.693	2350.22	1462.69
467.336	2353.01	1460.04
467.979	2356.98	1457.73
468.621	2362.42	1456.34
469.264	2367.76	1457.85
469.907	2371.52	1459.87
470.55	2374.9	1461
471.193	2379.68	1461.6
471.836	2386.55	1463.75
472.478	2393.88	1469.74
473.121	2398.31	1479.48
473.764	2398.9	1489.07
474.407	2396.79	1497.34
475.05	2393.82	1502.88
475.693	2391.62	1506.97
476.335	2390.62	1510.52
476.978	2390.61	1514.73
477.621	2391.4	1519.89
478.264	2392.11	1527.41
478.907	2391.02	1537.21
479.549	2386.06	1548.48
480.192	2376.97	1557.58
480.835	2366	1562.85
481.478	2355.17	1564.5
482.121	2346.2	1563.04
482.764	2339.97	1560.39
483.406	2336.3	1557.98
484.049	2333.92	1557.18
484.692	2332.08	1557.29
485.335	2329.79	1559.11
485.978	2326.68	1560.82
486.621	2322.92	1562.75
487.263	2318.57	1564.02
487.906	2314.34	1564.43
488.549	2310.46	1564.58
489.192	2307.22	1564.22
489.835	2304.75	1564.22
490.478	2302.44	1564.81
491.12	2300.41	1565.43
491.763	2299.02	1566.69
492.406	2297.96	1569.41
493.049	2295.55	1574.54
493.692	2290.01	1580.42
494.335	2281.42	1584.73
494.977	2270.69	1586.14
495.62	2259.93	1582.98
496.263	2252.02	1575.99
496.906	2248.93	1567.44
497.549	2250.46	1560.93
498.191	2254.41	1558.62
498.834	2257.53	1561.22
499.477	2256.81	1566.68
500.12	2252.25	1571.08
500.763	2245.82	1572.97
501.406	2239.62	1572.1
502.048	2235.04	1569.77
502.691	2232.2	1567.42
503.334	2230.95	1565.83
503.977	2230.21	1566.52
504.62	2227.86	1569.45
505.263	2222.21	1572.73
505.905	2214.11	1573.17
506.548	2206.42	1569.82
507.191	2201.33	1564.43
507.834	2198.9	1559.44
508.477	2197.24	1556.19
509.12	2195.15	1553.17
509.762	2193.6	1549.15
510.405	2194.1	1544.9
511.048	2196.41	1542.77
511.691	2198.13	1543.77
512.334	2197.33	1546.02
512.977	2194.59	1546.93
513.619	2191.92	1545.98
514.262	2190.48	1544.4
514.905	2190.59	1543.31
515.548	2190.8	1544.62
516.191	2189.08	1547.25
516.833	2185.5	1549.08
517.476	2180.81	1549.67
518.119	2176.09	1548.4
518.762	2171.72	1546.13
519.405	2168.13	1542.14
520.048	2167.47	1536.49
520.69	2169.98	1532.87
521.333	2173.1	1532.74
521.976	2174.45	1534.96
522.619	2174.2	1536.97
523.262	2173.45	1538.89
523.905	2172.96	1541.12
524.547	2171.02	1545.74
525.19	2165.54	1550.35
525.833	2157.23	1552.15
526.476	2148.41	1549.67
527.119	2142.23	1543.22
527.762	2140.33	1535.91
528.404	2141.71	1530.67
529.047	2143.67	1528.59
529.69	2144.63	1527.9
530.333	2144.91	1527.37
530.976	2145.32	1526.85
531.619	2145.61	1527.34
532.261	2145.12	1528.22
532.904	2144.27	1528.79
533.547	2143.97	1529.45
534.19	2142.53	1532.22
534.833	2138.77	1534.39
535.475	2132.84	1534.93
536.118	2127.26	1530.95
536.761	2125.64	1524.56
537.404	2127.83	1520.03
538.047	2131.08	1518.93
538.69	2132.99	1520.15
539.332	2133.64	1521.43
539.975	2133.76	1522.88
540.618	2133.51	1524.53
541.261	2132.52	1526.57
541.904	2131.1	1528.04
542.547	2129.99	1529.55
543.189	2128.39	1532.24
543.832	2125.06	1535.41
544.475	2119.5	1537.71
545.118	2112.63	1537.26
545.761	2106.41	1533.66
546.404	2102.51	1527.71
547.046	2102.07	1520.87
547.689	2105.33	1515.36
548.332	2110.69	1513.63
548.975	2114.49	1516.35
549.618	2114.88	1519.79
550.261	2113.8	1521.27
550.903	2113.32	1521.6
551.546	2113.81	1522.07
552.189	2115.37	1523.21
552.832	2117.69	1526.45
553.475	2118.64	1533.21
554.117	2114.58	1542.41
554.76	2104.39	1548.8
555.403	2091.99	1547.79
556.046	2083.69	1539.83
556.689	2082.6	1530.72
557.332	2085.43	1526.21
557.974	2088.72	1524.94
558.617	2090.87	1526.41
559.26	2091.31	1528.82
559.903	2089.88	1531.65
560.546	2086.65	1533.44
561.189	2083.2	1532.98
561.831	2080.88	1531.25
562.474	2080.17	1529.08
563.117	2081.37	1527.47
563.76	2083.17	1528.14
564.403	2084.76	1530
565.046	2085.49	1533.65
565.688	2083.81	1538.11	
566.331	2081.09	1542.38
566.974	2076.77	1544.89
567.617	2072.4	1546.16
568.26	2068.41	1546.51
568.903	2064.92	1546.47
569.545	2061.74	1546.24
570.188	2059.23	1545.64
570.831	2056.91	1545.8
571.474	2054.32	1545.9
572.117	2051.68	1545.75
572.76	2049.2	1545.39
573.402	2047.07	1544.85
574.045	2045.52	1544.42
574.688	2044.28	1544.76
575.331	2042.47	1545.94
575.974	2040.07	1547.01
576.617	2036.98	1548.17
577.259	2033.56	1548.54
577.902	2030.07	1548.66
578.545	2026.4	1548.26
580.473	2017.45	1545.57
582.402	2010.27	1542.28
584.33	2003.46	1539.99
586.259	1995.65	1537.03
588.187	1989.57	1530.73
590.116	1988.83	1524.42
592.044	1989.66	1525.06
593.973	1984.86	1530.25
595.901	1974.66	1531.52
597.83	1965.01	1526.98
599.758	1958.6	1520.67
601.687	1953.58	1514.92
603.615	1949.92	1507.26
605.544	1951.5	1497.88
607.472	1958.57	1493.35
609.401	1965.01	1497.03
611.329	1966.12	1504.29
613.258	1963.19	1509.85
615.186	1960.4	1512.98
617.115	1958.94	1517.46
619.043	1955.92	1525.35
620.972	1948.09	1534.57
622.9	1936.32	1540.38
624.829	1923.94	1541.98
626.757	1913.84	1540.75
628.686	1905.01	1540.64
630.614	1894.58	1540.74
632.543	1885.18	1537.39
634.471	1877.77	1535.15
636.399	1869.19	1534.72
638.328	1859.28	1533.06
640.256	1847.85	1530.75
642.185	1834.79	1525.46
644.113	1823.07	1515.18
646.042	1815.97	1501.94
647.97	1813.24	1489.58
649.899	1813.31	1478.82
651.827	1816.83	1469.58
653.756	1821.47	1465.79
655.684	1823.12	1465.65
657.613	1822.33	1464.72
659.541	1820.99	1463.27
661.47	1818.54	1462.14
663.398	1814.43	1459.43
665.327	1811.3	1452.66
667.255	1814.39	1443.12
669.184	1824.62	1438.69
671.112	1833.68	1445.44
673.041	1834.78	1456.5
674.969	1829.78	1464.79
676.898	1821.44	1469.87
678.826	1812.68	1469.88
680.755	1807.63	1466.49
682.683	1805.91	1465.27
684.612	1803.09	1467.65
686.54	1796.64	1469.87
688.469	1789.01	1467.9
690.397	1785.32	1462.33
692.325	1785.93	1459.59
694.254	1785.11	1462.19
696.182	1780.49	1464.58
698.111	1775.34	1463.95
700.039	1771.09	1462.98
701.968	1766.65	1461.94
703.896	1763.44	1459.16
705.825	1763.87	1457.14
707.753	1763.02	1461.51
709.682	1755.47	1466.51
711.61	1746.71	1464.05
713.539	1743.02	1459.07
715.467	1741.42	1458.35
717.396	1737.24	1459.87
719.324	1730.66	1459.41
721.253	1724.41	1455.93
723.181	1720.96	1450.69
725.11	1720.24	1446.76
727.038	1720.5	1445.28
728.967	1719.68	1446.01
730.895	1717.69	1446.78
732.824	1716.32	1447.71
734.752	1711.97	1452.11
736.681	1702.9	1453.5
738.609	1695.93	1447.81
740.538	1694.77	1442.02
742.466	1695.61	1440.88
744.395	1695.03	1442.51
746.323	1692.68	1445.03
748.252	1687.51	1448.3
750.18	1680.05	1449.1
752.109	1673.17	1446.72
754.037	1668.19	1443.33
755.965	1664.33	1440.27
757.894	1661.68	1437.07
759.822	1660.06	1435.04
761.751	1657.83	1434.54
763.679	1655.22	1433.57
765.608	1653.56	1432.9
767.536	1650.67	1434.73
769.465	1645.13	1435.91
771.393	1639.57	1434.35
773.322	1635.02	1432.58
775.25	1629.96	1431.15
777.179	1624.32	1428.03
779.107	1621.33	1422.24
781.036	1622.19	1418.16
782.964	1622.79	1418.96
784.893	1619.93	1421.18
786.821	1615.8	1421.17
788.75	1611.47	1420.91
790.678	1606.28	1419.88
792.607	1602.71	1416.57
794.535	1601.06	1415.01
796.464	1597.03	1416.27
798.392	1590.33	1414.71
800.321	1586.78	1408.84
802.249	1586.93	1405.77
804.178	1585.18	1407.22
806.106	1579.18	1407.78
808.034	1573.02	1403.33
809.963	1571.45	1396.58
811.891	1573.39	1393.5
813.82	1573.07	1395.37
815.748	1568.78	1396.27
817.677	1564.76	1393.33
819.605	1563.43	1390.17
821.534	1562.36	1389.58
823.462	1559.61	1389.38
825.391	1557.08	1387.55
827.319	1555.52	1386.49
829.248	1552.27	1387.04
831.176	1547.41	1385.35
833.105	1544.75	1380.72
835.033	1544.91	1377.47
836.962	1544.86	1376.89
838.89	1544.29	1376.3
840.819	1544.77	1376.35
842.747	1543.29	1379.86
844.676	1537.9	1382.38
846.604	1533.11	1380.53
848.533	1530.52	1379.24
850.461	1527	1379.9
852.39	1521.75	1379.36
854.318	1517.38	1376.42
856.247	1514.32	1373.77
858.175	1511.08	1371.5
860.104	1509.05	1367.88
862.032	1508.51	1365.51
863.96	1508.02	1364.92
865.889	1505.92	1365.54
867.817	1502.35	1365.08
869.746	1499.86	1362.78
871.674	1498.53	1361.75
873.603	1495.86	1362.3
875.531	1491.3	1361.61
877.46	1487.66	1358.05
879.388	1487.25	1354.17
881.317	1487.46	1353.8
883.245	1485.38	1354.66
885.174	1482.87	1353.65
887.102	1481.14	1352.9
889.031	1478.81	1353.22
890.959	1475.37	1353.15
892.888	1471.32	1352
894.816	1467.9	1349.24
896.745	1466.46	1345.9
898.673	1466.51	1344.07
900.602	1466.45	1344.3
902.53	1464.54	1345.85
904.459	1461.15	1346.45
906.387	1457.25	1345.88
908.316	1453.97	1343.99
910.244	1452.37	1341.86
912.173	1451.56	1341.53
914.101	1449.07	1343.09
916.03	1444.03	1343.72
917.958	1439.12	1341.08
919.887	1436.88	1337.22
921.815	1436.76	1335.21
923.743	1435.97	1336.1
925.672	1432.14	1337.92
927.6	1426.32	1337.11
929.529	1421.73	1333.2
931.457	1419.67	1328.77
933.386	1419.44	1325.54
935.314	1419.73	1324.11
937.243	1419.28	1324.16
939.171	1417.94	1324.54
941.1	1415.75	1325.14
943.028	1412.52	1325.49
944.957	1408.84	1324.72
946.885	1405.76	1322.99
948.814	1403.33	1321.35
950.742	1401.08	1319.92
952.671	1399.4	1318.44
954.599	1398.02	1317.97
956.528	1395.41	1318.62
958.456	1391.38	1318.46
960.385	1387.2	1316.68
962.313	1384.42	1313.86
964.242	1382.32	1312.08
966.17	1379.49	1310.67
968.099	1377.43	1308
970.027	1376.13	1306.53
971.956	1373.36	1306.16
973.884	1370.02	1303.91
975.813	1368.25	1300.61
977.741	1367.43	1298.56
979.669	1366.25	1297.4
981.598	1364.6	1296.18
983.526	1363.05	1294.62
985.455	1362.15	1293.18
987.383	1361.02	1292.91
989.312	1358.64	1292.9
991.24	1355.57	1291.63
993.169	1353.51	1289.02
995.097	1353.14	1286.79
997.026	1353.03	1286.52
998.954	1351.39	1287.4
1000.88	1348.45	1287.41
1002.81	1345.73	1286.13
1004.74	1343.63	1284.85
1006.67	1341.41	1283.89
1008.6	1339.34	1282.49
1010.53	1337.75	1281.28
1012.45	1335.79	1280.77
1014.38	1333.47	1279.88
1016.31	1331.26	1278.79
1018.24	1329.01	1277.8
1020.17	1326.57	1276.73
1022.1	1324.04	1275.38
1024.03	1321.59	1273.71
1025.95	1319.19	1271.81
1027.88	1317.36	1269.31
1029.81	1316.59	1266.99
1031.74	1316.02	1265.82
1033.67	1314.91	1265.14
1035.6	1313.67	1264.18
1037.52	1313.01	1263.44
1039.45	1311.57	1264.16
1041.38	1308.41	1264.55
1043.31	1305.36	1262.99
1045.24	1303.16	1261.29
1047.17	1300.9	1259.8
1049.1	1299.42	1257.46
1051.02	1299.46	1255.83
1052.95	1298.9	1256.63
1054.88	1296.12	1257.82
1056.81	1292.12	1257.25
1058.74	1288.75	1254.84
1060.67	1287.24	1251.92
1062.59	1286.48	1250.56
1064.52	1284.97	1250.16
1066.45	1282.5	1249.49
1068.38	1280	1247.78
1070.31	1278.4	1245.64
1072.24	1277.29	1244.26
1074.17	1275.45	1243.49
1076.09	1273.23	1241.78
1078.02	1272.37	1239.16
1079.95	1272.89	1237.99
1081.88	1271.93	1239.25
1083.81	1268.68	1239.69
1085.74	1265.38	1237.65
1087.67	1264.41	1234.45
1089.59	1265.35	1233.24
1091.52	1264.86	1235.1
1093.45	1261.24	1236.91
1095.38	1256.76	1235.81
1097.31	1253.43	1233.19
1099.24	1251.32	1230.42
1101.16	1250.19	1227.95
1103.09	1249.39	1226.38
1105.02	1248.08	1225.36
1106.95	1246.77	1223.91
1108.88	1245.72	1222.68
1110.81	1244.7	1221.78
1112.74	1243.74	1221.23
1114.66	1241.97	1221.42
1116.59	1239.02	1221.02
1118.52	1236.58	1218.99
1120.45	1235.29	1217.13
1122.38	1233.96	1216.31
1124.31	1231.91	1215.62
1126.23	1229.46	1214.34
1128.16	1226.71	1212.41
1130.09	1224.92	1208.97
1132.02	1225.55	1205.5
1133.95	1227.08	1204.7
1135.88	1226.96	1205.85
1137.81	1225.46	1206.43
1139.73	1223.51	1206.51
1141.66	1221.19	1206.32
1143.59	1218.7	1205.54
1145.52	1216.34	1204.28
1147.45	1214.34	1202.66
1149.38	1212.72	1200.99
1151.3	1211.59	1199.31
1153.23	1210.99	1198.07
1155.16	1210.3	1197.82
1157.09	1208.56	1198.15
1159.02	1206.12	1197.78
1160.95	1203.67	1196.89
1162.88	1200.79	1195.81
1164.8	1198.15	1193.5
1166.73	1196.72	1190.7
1168.66	1196.1	1188.64
1170.59	1195.42	1187.27
1172.52	1194.98	1186.01
1174.45	1194.15	1185.69
1176.38	1192.41	1185.28
1178.3	1190.66	1183.97
1180.23	1189.45	1182.48
1182.16	1188.44	1181.38
1184.09	1187.45	1180.39
1186.02	1186.68	1179.59
1187.95	1185.56	1179.43
1189.87	1183.78	1179.2
1191.8	1182.11	1178.41
1193.73	1180.32	1178.07
1195.66	1177.68	1177.65
1197.59	1174.79	1176.04
1199.52	1172.71	1173.5
1201.45	1171.69	1171.03
1203.37	1171.16	1169.25
1205.3	1170.64	1167.98
1207.23	1170.14	1167
1209.16	1169.49	1166.54
1211.09	1168.11	1166.45
1213.02	1166.19	1165.84
1214.94	1164.3	1164.65
1216.87	1162.81	1163.16
1218.8	1161.51	1161.85
1220.73	1160.33	1160.49
1222.66	1159.49	1159.18
1224.59	1158.53	1158.39
1226.52	1157.32	1157.5
1228.44	1156.39	1156.44
1230.37	1155.68	1155.95
1232.3	1153.79	1156.28
1234.23	1150.57	1155.38
1236.16	1148.64	1152.09
1238.09	1149.04	1149.26
1240.02	1149.92	1148.69
1241.94	1149.67	1149.43
1243.87	1147.93	1150.18
1245.8	1145.33	1149.9
1247.73	1143.14	1148.4
1249.66	1141.72	1146.85
1251.59	1140.26	1145.76
1253.51	1138.74	1144.26
1255.44	1137.94	1142.43
1257.37	1137.53	1141.32
1259.3	1136.95	1140.79
1261.23	1135.92	1140.52
1263.16	1134.25	1140.16
1265.09	1132.5	1139.02
1267.01	1131.52	1137.49
1268.94	1130.98	1136.7
1270.87	1129.94	1136.6
1272.8	1128.35	1136.36
1274.73	1126.44	1135.88
1276.66	1124.04	1135.09
1278.58	1121.55	1133.27
1280.51	1120.04	1130.43
1282.44	1120.39	1127.69
1284.37	1121.4	1127.03
1286.3	1120.71	1127.97
1288.23	1118.81	1127.75
1290.16	1117.47	1126.53
1292.08	1116.28	1125.81
1294.01	1115	1124.88
1295.94	1114.15	1123.77
1297.87	1113.6	1123.25
1299.8	1112.41	1123.51
1301.73	1110.24	1123.51
1303.66	1107.5	1122.55
1305.58	1105.49	1120.23
1307.51	1104.81	1117.89
1309.44	1104.76	1116.52
1311.37	1104.6	1115.99
1313.3	1103.91	1116.01
1315.23	1102.28	1116.15
1317.15	1100.19	1115.46
1319.08	1098.4	1114.04
1321.01	1097.25	1112.46
1322.94	1096.27	1111.31
1324.87	1095.35	1110.09
1326.8	1094.84	1108.97
1328.73	1094.16	1108.56
1330.65	1093.07	1108.13
1332.58	1092.01	1107.55
1334.51	1090.8	1107.24
1336.44	1089.07	1106.95
1338.37	1087.22	1106.1
1340.3	1085.4	1105.09
1342.22	1083.3	1103.78
1344.15	1081.82	1101.48
1346.08	1081.56	1099.29
1348.01	1081.69	1098.29
1349.94	1081.24	1098.06
1351.87	1080.09	1097.77
1353.8	1078.71	1096.95
1355.72	1077.89	1095.71
1357.65	1077.47	1095.15
1359.58	1076.29	1095.34
1361.51	1074.35	1094.94
1363.44	1072.82	1093.72
1365.37	1071.42	1092.88
1367.3	1069.67	1091.89
1369.22	1068.2	1090.2
1371.15	1067.48	1088.51
1373.08	1066.99	1087.51
1375.01	1066.02	1086.95
1376.94	1064.68	1086.06
1378.87	1063.32	1084.75
1380.79	1062.37	1083.05
1382.72	1062.17	1081.36
1384.65	1062.45	1080.46
1386.58	1062.26	1080.5
1388.51	1061.41	1080.56
1390.44	1060.22	1080.39
1392.37	1058.87	1080.07
1394.29	1057.14	1079.57
1396.22	1055.57	1078.34
1398.15	1054.71	1076.93
1400.08	1054.12	1076.13
1402.01	1053.01	1075.75
1403.94	1051.87	1074.78
1405.86	1051.24	1073.89
1407.79	1050.2	1073.77
1409.72	1048.64	1073.26
1411.65	1047.27	1072.27
1413.58	1045.92	1071.45
1415.51	1044.3	1070.43
1417.44	1042.87	1068.78
1419.36	1042.22	1066.77
1421.29	1042.45	1065.23
1423.22	1042.96	1064.77
1425.15	1042.69	1065.39
1427.08	1041.1	1065.96
1429.01	1039.18	1065.27
1430.93	1038.32	1063.97
1432.86	1037.65	1063.84
1434.79	1035.81	1064.05
1436.72	1033.75	1062.98
1438.65	1032.53	1061.43
1440.58	1031.51	1060.52
1442.51	1030.42	1059.57
1444.43	1029.41	1058.67
1446.36	1028.19	1057.97
1448.29	1026.75	1057.02
1450.22	1025.39	1055.65
1452.15	1024.76	1053.99
1454.08	1024.61	1053.09
1456.01	1023.69	1053.07
1457.93	1022.07	1052.43
1459.86	1020.8	1051.02
1461.79	1019.99	1049.74
1463.72	1019.28	1048.74
1465.65	1018.36	1047.88
1467.58	1017.53	1046.76
1469.5	1016.79	1045.75
1471.43	1016.05	1044.67
1473.36	1015.8	1043.43
1475.29	1015.89	1042.88
1477.22	1015.27	1043.13
1479.15	1013.96	1042.92
1481.08	1012.82	1042.04
1483	1012.23	1041.18
1484.93	1011.65	1040.92
1486.86	1010.61	1040.9
1488.79	1009.11	1040.67
1490.72	1007.62	1039.92
1492.65	1006.42	1039.08
1494.57	1005.16	1038.51
1496.5	1003.41	1037.86
1498.43	1001.56	1036.42
1500.36	1000.61	1034.28
1502.29	1000.41	1032.72
1504.22	1000.19	1031.81
1506.15	999.961	1031.04
1508.07	999.542	1030.71
1510	998.526	1030.46
1511.93	997.374	1029.57
1513.86	997.045	1028.32
1515.79	996.843	1028.08
1517.72	995.899	1028.16
1519.65	994.741	1027.63
1521.57	993.964	1026.91
1523.5	993.346	1026.62
1525.43	992.32	1026.73
1527.36	990.829	1026.69
1529.29	989.007	1026.35
1531.22	986.924	1025.53
1533.14	985.104	1023.88
1535.07	984.403	1021.82
1537	984.195	1020.71
1538.93	983.731	1020.14
1540.86	983.093	1019.62
1542.79	982.192	1019.34
1544.72	980.817	1018.98
1546.64	979.369	1018.08
1548.57	978.157	1016.94
1550.5	977.159	1015.76
1552.43	976.414	1014.55
1554.36	976.055	1013.53
1556.29	975.578	1013.15
1558.21	974.443	1012.97
1560.14	972.945	1012.19
1562.07	971.976	1010.82
1564	971.438	1009.85
1565.93	970.526	1009.34
1567.86	969.418	1008.4
1569.79	968.776	1007.18
1571.71	968.167	1006.46
1573.64	967.358	1005.66
1575.57	967.081	1004.61
1577.5	966.831	1004.48
1579.43	965.507	1004.75
1581.36	963.726	1003.91
1583.29	962.845	1002.23
1585.21	962.77	1001.22
1587.14	962.398	1001.17
1589.07	961.207	1001.21
1591	959.585	1000.65
1592.93	958.296	999.408
1594.86	957.538	998.213
1596.78	956.884	997.41
1598.71	956.114	996.759
1600.64	955.028	996.164
1602.57	953.808	995.165
1604.5	952.959	993.797
1606.43	952.541	992.565
1608.36	952.148	991.685
1610.28	951.95	990.761
1612.21	951.991	990.288
1614.14	951.581	990.481
1616.07	950.389	990.578
1618	949.126	989.897
1619.93	948.378	988.988
1621.85	947.828	988.506
1623.78	946.988	988.291
1625.71	946.004	987.873
1627.64	945.067	987.408
1629.57	944.057	987.043
1631.5	942.936	986.624
1633.43	941.81	986.134
1635.35	940.556	985.715
1637.28	939.034	985.167
1639.21	937.421	984.177
1641.14	936.19	982.705
1643.07	935.699	981.258
1645	935.471	980.595
1646.93	934.485	980.562
1648.85	933.021	979.904
1650.78	931.899	978.752
1652.71	930.884	977.848
1654.64	929.637	976.834
1656.57	928.662	975.233
1658.5	928.522	973.576
1660.42	928.841	972.724
1662.35	928.89	972.718
1664.28	928.258	973.103
1666.21	926.776	973.406
1668.14	924.697	972.969
1670.07	922.89	971.493
1672	921.913	969.642
1673.92	921.594	968.109
1675.85	921.577	967.107
1677.78	921.476	966.706
1679.71	920.776	966.727
1681.64	919.425	966.435
1683.57	918.21	965.377
1685.49	917.667	964.256
1687.42	917.069	963.874
1689.35	915.811	963.559
1691.28	914.421	962.543
1693.21	913.499	961.182
1695.14	912.813	960.062
1697.07	912.193	958.974
1698.99	911.765	957.917
1700.92	911.455	957.107
1702.85	910.955	956.583
1704.78	910.211	955.943
1706.71	909.822	955.034
1708.64	909.478	954.709
1710.57	908.441	954.617
1712.49	907.353	953.75
1714.42	906.86	952.793
1716.35	906.231	952.519
1718.28	905.044	952.164
1720.21	903.893	951.205
1722.14	903.078	950.158
1724.06	902.312	949.26
1725.99	901.704	948.252
1727.92	901.214	947.425
1729.85	900.765	946.742
1731.78	900.126	946.276
1733.71	899.25	945.696
1735.64	898.381	944.813
1737.56	897.917	943.757
1739.49	897.763	943.095
1741.42	897.347	942.979
1743.35	896.341	942.886
1745.28	895.251	942.263
1747.21	894.345	941.545
1749.13	893.34	940.901
1751.06	892.349	939.961
1752.99	891.733	938.838
1754.92	891.491	938.016
1756.85	891.087	937.781
1758.78	890.085	937.681
1760.71	888.804	937.084
1762.63	887.733	936.106
1764.56	886.824	935.146
1766.49	885.909	934.125
1768.42	885.269	932.818
1770.35	885.234	931.625
1772.28	885.252	931.232
1774.2	884.486	931.239
1776.13	883.405	930.499
1778.06	883.068	929.284
1779.99	883.13	928.855
1781.92	882.654	929.116
1783.85	881.473	929.215
1785.78	880.114	928.752
1787.7	878.91	928.009
1789.63	877.74	927.221
1791.56	876.616	926.221
1793.49	875.699	925.027
1795.42	875.186	923.796
1797.35	874.881	922.959
1799.28	874.342	922.478
1801.2	873.447	921.942
1803.13	872.277	921.039
1805.06	871.635	919.404
1806.99	872.035	917.983
1808.92	872.737	917.809
1810.85	872.385	918.695
1812.77	870.874	919.137
1814.7	869.096	918.578
1816.63	867.802	917.383
1818.56	866.904	916.266
1820.49	866.042	915.225
1822.42	865.583	913.978
1824.35	865.214	913.235
1826.27	864.455	912.591
1828.2	863.905	911.419
1830.13	863.942	910.418
1832.06	863.974	910.157
1833.99	863.622	910.222
1835.92	862.793	910.4
1837.84	861.273	910.411
1839.77	859.466	909.542
1841.7	858.411	907.789
1843.63	858.348	906.351
1845.56	858.127	905.911
1847.49	857.401	905.397
1849.42	856.959	904.457
1851.34	856.678	903.989
1853.27	856.083	903.819
1855.2	855.106	903.575
1857.13	853.848	903.026
1859.06	852.694	901.967
1860.99	852.092	900.673
1862.92	851.837	899.828
1864.84	851.212	899.473
1866.77	850.22	898.829
1868.7	849.3	897.775
1870.63	848.687	896.539
1872.56	848.613	895.344
1874.49	848.694	894.834
1876.41	848.039	894.796
1878.34	847.167	894.046
1880.27	846.867	893.078
1882.2	846.453	892.769
1884.13	845.697	892.296
1886.06	845.241	891.528
1887.99	844.66	891.248
1889.91	843.623	890.802
1891.84	842.886	889.735
1893.77	842.66	888.918
1895.7	842.139	888.72
1897.63	841.145	888.293
1899.56	840.429	887.348
1901.48	840.029	886.719
1903.41	839.177	886.522
1905.34	837.954	885.873
1907.27	836.831	884.732
1909.2	835.961	883.284
1911.13	835.883	881.525
1913.06	836.675	880.456
1914.98	836.927	880.791
1916.91	835.958	881.072
1918.84	834.972	880.218
1920.77	834.726	879.241
1922.7	834.553	878.995
1924.63	833.785	878.995
1926.56	832.577	878.514
1928.48	831.667	877.324
1930.41	831.491	876.066
1932.34	831.752	875.446
1934.27	831.667	875.613
1936.2	830.771	875.919
1938.13	829.371	875.606
1940.05	828.299	874.552
1941.98	827.755	873.545
1943.91	827.171	872.888
1945.84	826.594	872.024
1947.77	826.51	871.137
1949.7	826.426	870.985
1951.63	825.762	871.183
1953.55	824.399	871.143
1955.48	822.796	870.304
1957.41	821.696	868.717
1959.34	821.371	867.042
1961.27	821.726	865.752
1963.2	822.277	865.284
1965.12	822.365	865.527
1967.05	821.666	865.857
1968.98	820.698	865.587
1970.91	820.027	865.047
1972.84	819.415	864.793
1974.77	818.625	864.659
1976.7	817.485	864.56
1978.62	815.731	864.158
1980.55	814.098	862.629
1982.48	813.67	860.512
1984.41	814.136	859.244
1986.34	814.356	859.035
1988.27	813.965	859.04
1990.19	813.162	858.895
1992.12	811.906	858.477
1994.05	810.815	857.222
1995.98	810.67	855.666
1997.91	811.057	854.931
1999.84	811.111	854.996
2001.77	810.45	855.222
2003.69	809.395	855.002
2005.62	808.431	854.369
2007.55	807.642	853.669
2009.48	806.864	852.975
2011.41	806.27	852.119
2013.34	805.953	851.449
2015.27	805.362	851.249
2017.19	804.238	850.888
2019.12	803.089	849.863
2021.05	802.581	848.452
2022.98	802.578	847.489
2024.91	802.356	847.119
2026.84	801.785	846.678
2028.76	801.299	845.979
2030.69	800.922	845.435
2032.62	800.349	845.043
2034.55	799.719	844.425
2036.48	799.365	843.743
2038.41	799.04	843.471
2040.34	798.163	843.474
2042.26	796.736	842.959
2044.19	795.672	841.488
2046.12	795.759	839.895
2048.05	796.143	839.477
2049.98	795.705	839.69
2051.91	794.744	839.353
2053.83	794.073	838.521
2055.76	793.639	837.903
2057.69	793.1	837.478
2059.62	792.46	837.002
2061.55	791.697	836.516
2063.48	790.855	835.845
2065.41	790.172	834.961
2067.33	789.685	834.124
2069.26	789.229	833.449
2071.19	788.589	832.83
2073.12	787.85	831.921
2075.05	787.615	830.633
2076.98	787.925	829.756
2078.91	788.131	829.598
2080.83	787.939	829.68
2082.76	787.385	829.777
2084.69	786.451	829.736
2086.62	785.503	829.255
2088.55	784.838	828.673
2090.48	783.991	828.383
2092.4	782.896	827.781
2094.33	782.159	826.733
2096.26	781.795	825.965
2098.19	781.131	825.621
2100.12	780.09	824.949
2102.05	779.586	823.687
2103.97	779.557	822.992
2105.9	778.804	822.981
2107.83	777.573	822.169
2109.76	777.134	820.615
2111.69	777.187	819.728
2113.62	776.987	819.281
2115.55	776.728	818.712
2117.48	776.43	818.313
2119.4	775.95	817.964
2121.33	775.622	817.503
2123.26	775.075	817.495
2125.19	773.757	817.437
2127.12	772.31	816.381
2129.05	771.623	814.72
2130.97	771.559	813.368
2132.9	771.913	812.407
2134.83	772.198	812.2
2136.76	771.759	812.382
2138.69	770.792	812.074
2140.62	770.054	811.092
2142.54	770.043	810.051
2144.47	770.222	809.793
2146.4	769.706	810.026
2148.33	768.861	809.731
2150.26	768.223	809.213
2152.19	767.378	808.916
2154.12	766.424	808.198
2156.04	765.896	807.185
2157.97	765.714	806.524
2159.9	765.166	806.37
2161.83	764.109	805.922
2163.76	763.309	804.778
2165.69	763.228	803.671
2167.62	763.134	803.374
2169.54	762.287	803.254
2171.47	761.325	802.308
2173.4	761.128	801.012
2175.33	761.36	800.424
2177.26	761.144	800.52
2179.19	760.266	800.519
2181.12	759.132	799.985
2183.04	758.156	798.989
2184.97	757.551	797.772
2186.9	757.383	796.59
2188.83	757.556	795.756
2190.76	757.628	795.498
2192.69	757.153	795.465
2194.61	756.431	795.044
2196.54	755.816	794.408
2198.47	755.164	793.799
2200.4	754.551	792.942
2202.33	754.31	791.912
2204.26	754.44	791.197
2206.19	754.437	791.036
2208.11	754.035	791.037
2210.04	753.296	790.917
2211.97	752.411	790.549
2213.9	751.302	789.983
2215.83	750.245	788.781
2217.76	750.158	787.044
2219.68	751.033	786.126
2221.61	751.405	786.674
2223.54	750.482	787.384
2225.47	748.96	787.142
2227.4	747.613	786.109
2229.33	746.848	784.661
2231.26	746.673	783.33
2233.18	746.655	782.425
2235.11	746.659	781.662
2237.04	746.755	781.074
2238.97	746.539	780.812
2240.9	746.173	780.219
2242.83	746.36	779.417
2244.75	746.736	779.398
2246.68	746.46	779.971
2248.61	745.566	780.289
2250.54	744.345	780.231
2252.47	742.94	779.692
2254.4	741.971	778.503
2256.33	741.501	777.43
2258.25	741.118	776.658
2260.18	740.632	775.923
2262.11	740.263	775.031
2264.04	740.15	774.222
2265.97	740.126	773.755
2267.9	739.673	773.635
2269.83	738.793	773.137
2271.75	738.225	771.983
2273.68	738.436	770.868
2275.61	738.823	770.601
2277.54	738.624	770.857
2279.47	737.938	770.878
2281.4	737.062	770.594
2283.32	736.158	770
2285.25	735.478	769.093
2287.18	735.235	768.144
2289.11	735.179	767.583
2291.04	735.065	767.329
2292.97	734.67	767.361
2294.9	733.692	767.444
2296.82	732.197	766.982
2298.75	730.91	765.573
2300.68	730.523	763.727
2302.61	730.832	762.305
2304.54	731.503	761.433
2306.47	732.085	761.265
2308.39	732.353	761.53
2310.32	731.988	762.155
2312.25	730.689	762.579
2314.18	729.158	761.933
2316.11	728.346	760.597
2318.04	728.049	759.595
2319.97	727.659	758.88
2321.89	727.348	757.916
2323.82	727.564	756.959
2325.75	727.921	756.728
2327.68	727.647	757.017
2329.61	726.833	756.963
2331.54	725.951	756.425
2333.47	725.283	755.579
2335.39	725.002	754.634
2337.32	725.078	753.943
2339.25	725.135	753.775
2341.18	724.552	753.912
2343.11	723.804	753.438
2345.04	723.446	752.826
2346.96	722.826	752.657
2348.89	722.025	752.036
2350.82	721.729	751.129
2352.75	721.606	750.794
2354.68	720.871	750.812
2356.61	719.781	750.213
2358.54	719.124	749.055
2360.46	718.903	748.108
2362.39	718.51	747.483
2364.32	718.176	746.525
2366.25	718.244	745.561
2368.18	718.473	744.995
2370.11	718.74	744.688
2372.03	718.969	744.804
2373.96	718.444	745.441
2375.89	717.243	745.512
2377.82	716.325	744.837
2379.75	715.552	744.351
2381.68	714.532	743.745
2383.61	713.759	742.542
2385.53	713.585	741.272
2387.46	713.804	740.39
2389.39	714.322	740.008
2391.32	714.291	740.593
2393.25	712.937	741.177
2395.18	711.214	740.352
2397.1	710.467	738.615
2399.03	710.544	737.356
2400.96	710.7	736.766
2402.89	710.391	736.505
2404.82	709.755	735.891
2406.75	709.446	734.806
2408.68	709.653	733.891
2410.6	709.905	733.546
2412.53	709.827	733.473
2414.46	709.406	733.316
2416.39	709.004	732.855
2418.32	708.863	732.44
2420.25	708.315	732.455
2422.18	707.352	731.921
2424.1	707.144	730.621
2426.03	707.669	730.019
2427.96	707.697	730.423
2429.89	706.906	730.671
2431.82	706.03	730.255
2433.75	705.316	729.685
2435.67	704.652	729.022
2437.6	704.256	728.14
2439.53	704.28	727.421
2441.46	704.279	727.307
2443.39	703.627	727.499
2445.32	702.41	727.15
2447.25	701.542	725.93
2449.17	701.429	724.651
2451.1	701.81	723.916
2453.03	701.909	723.964
2454.96	701.271	724.12
2456.89	700.264	723.68
2458.82	699.519	722.639
2460.74	699.373	721.466
2462.67	699.656	720.689
2464.6	699.854	720.48
2466.53	699.696	720.482
2468.46	699.103	720.391
2470.39	698.53	719.778
2472.32	698.705	719.028
2474.24	698.764	719.359
2476.17	697.725	719.888
2478.1	696.326	719.334
2480.03	695.494	718.107
2481.96	695.323	716.971
2483.89	695.41	716.297
2485.82	695.437	716.008
2487.74	695.014	715.994
2489.67	694.156	715.624
2491.6	693.673	714.569
2493.53	694.015	713.72
2495.46	694.137	713.964
2497.39	693.303	714.314
2499.31	692.27	713.822
2501.24	691.524	713.055
2503.17	690.831	712.276
2505.1	690.5	711.188
2507.03	690.629	710.394
2508.96	690.447	710.232
2510.89	689.899	709.822
2512.81	689.505	709.077
2514.74	689.312	708.43
2516.67	689.051	707.935
2518.6	688.841	707.317
2520.53	688.77	706.802
2522.46	688.503	706.489
2524.39	688.356	705.903
2526.31	688.43	705.568
2528.24	688.246	705.662
2530.17	687.49	705.706
2532.1	686.557	705.078
2534.03	686.347	703.878
2535.96	686.945	703.243
2537.88	687.154	703.776
2539.81	686.3	704.394
2541.74	685.126	704.127
2543.67	684.342	703.423
2545.6	683.692	702.892
2547.53	683.038	702.25
2549.46	682.606	701.496
2551.38	682.232	700.952
2553.31	681.782	700.444
2555.24	681.342	699.905
2557.17	680.668	699.437
2559.1	679.938	698.508
2561.03	679.922	697.199
2562.95	680.436	696.609
2564.88	680.321	696.91
2566.81	679.302	696.819
2568.74	678.583	695.613
2570.67	679.041	694.39
2572.6	679.539	694.547
2574.53	678.765	695.181
2576.45	677.42	694.612
2578.38	676.941	693.095
2580.31	677.47	692.055
2582.24	677.906	692.147
2584.17	677.444	692.602
2586.1	676.43	692.439
2588.02	675.593	691.611
2589.95	675.271	690.602
2591.88	675.212	689.859
2593.81	675.396	689.267
2595.74	675.625	689.191
2597.67	675.103	689.577
2599.6	674.194	689.249
2601.52	673.803	688.423
2603.45	673.72	688.06
2605.38	673.382	688.105
2607.31	672.371	688.151
2609.24	671.129	687.382
2611.17	670.676	685.932
2613.1	670.869	685.034
2615.02	670.798	684.818
2616.95	670.271	684.493
2618.88	669.789	683.736
2620.81	669.584	682.899
2622.74	669.683	682.171
2624.67	669.933	681.829
2626.59	669.918	681.953
2628.52	669.262	682.16
2630.45	668.302	681.771
2632.38	667.708	680.86
2634.31	667.494	680.093
2636.24	667.198	679.566
2638.17	667.002	678.809
2640.09	667.224	678.145
2642.02	667.447	678.102
2643.95	667.116	678.388
2645.88	666.347	678.331
2647.81	665.728	677.825
2649.74	665.431	677.437
2651.66	664.769	677.565
2653.59	663.072	677.411
2655.52	661.517	675.572
2657.45	661.812	672.934
2659.38	663.294	671.774
2661.31	664.13	672.119
2663.24	664.174	672.369
2665.16	664.178	672.362
2667.09	663.887	672.695
2669.02	663.112	672.803
2670.95	662.398	672.359
2672.88	661.942	671.864
2674.81	661.405	671.502
2676.74	660.837	670.854
2678.66	660.8	669.946
2680.59	661.215	669.621
2682.52	661.113	670.139
2684.45	660.191	670.512
2686.38	659.056	670.209
2688.3	657.929	669.535
2690.23	657.184	668.332
2692.16	657.282	667.122
2694.09	657.382	666.856
2696.02	656.818	666.717
2697.95	656.274	665.915
2699.88	656.174	665.087
2701.81	656.1	664.64
2703.73	655.977	664.204
2705.66	655.912	663.863
2707.59	655.588	663.768
2709.52	655.131	663.444
2711.45	654.721	663.075
2713.38	654.068	662.76
2715.3	653.401	661.973
2717.23	653.338	660.903
2719.16	653.563	660.399
2721.09	653.579	660.262
2723.02	653.465	660.164
2724.95	652.944	660.276
2726.87	652.104	659.973
2728.8	651.538	659.203
2730.73	651.132	658.54
2732.66	650.873	657.716
2734.59	651.25	656.858
2736.52	651.831	656.917
2738.45	651.73	657.714
2740.38	650.718	658.45
2742.3	648.873	658.597
2744.23	646.813	657.455
2746.16	646.004	655.035
2748.09	646.715	653.102
2750.02	647.702	652.569
2751.95	647.976	652.748
2753.87	647.764	652.67
2755.8	647.644	652.374
2757.73	647.421	652.356
2759.66	646.796	652.282
2761.59	646.326	651.693
2763.52	646.165	651.249
2765.45	645.877	651.135
2767.37	645.409	650.97
2769.3	644.87	650.772
2771.23	644.164	650.624
2773.16	643.007	650.364
2775.09	641.653	649.332
2777.02	641.267	647.434
2778.94	641.865	646.188
2780.87	642.133	646.041
2782.8	641.745	645.753
2784.73	641.616	644.879
2786.66	641.817	644.35
2788.59	641.773	644.22
2790.51	641.458	643.934
2792.44	641.311	643.405
2794.37	641.436	643.129
2796.3	640.965	643.441
2798.23	639.79	643.109
2800.16	639.352	641.622
2802.09	640.026	640.583
2804.01	640.624	640.778
2805.94	640.427	641.34
2807.87	639.844	641.567
2809.8	638.987	641.761
2811.73	637.501	641.727
2813.66	635.982	640.597
2815.59	635.417	638.776
2817.51	635.728	637.425
2819.44	635.97	636.891
2821.37	635.732	636.422
2823.3	635.586	635.43
2825.23	636.153	634.389
2827.16	636.955	634.174
2829.09	637.564	634.53
2831.01	637.512	635.463
2832.94	636.255	636.318
2834.87	634.732	635.856
2836.8	633.984	634.779
2838.73	633.355	634.131
2840.66	632.8	633.113
2842.58	632.977	631.965
2844.51	633.141	631.745
2846.44	632.532	631.606
2848.37	632.132	630.54
2850.3	632.527	629.589
2852.23	633.086	629.516
2854.16	632.936	630.083
2856.08	631.872	630.358
2858.01	630.633	629.622
2859.94	630.131	628.204
2861.87	630.472	627.08
2863.8	630.936	626.813
2865.73	630.691	627.055
2867.66	629.817	626.766
2869.58	629.535	625.608
2871.51	629.906	625.024
2873.44	629.383	625.262
2875.37	628.632	624.293
2877.3	629.172	622.901
2879.23	629.698	623.029
2881.15	629.324	623.211
2883.08	629.133	622.651
2885.01	628.92	622.539
2886.94	628.155	622.178
2888.87	628.317	620.744
2890.8	629.603	620.359
2892.73	629.807	621.772
2894.65	628.366	622.571
2896.58	627.325	621.689
2898.51	627.126	621.126
2900.44	626.242	621.348
2902.37	624.743	620.561
2904.3	624.073	618.579
2906.22	624.848	616.74
2908.15	626.294	616.284
2910.08	626.637	617.264
2912.01	625.507	617.646
2913.94	624.818	616.327
2915.87	625.505	615.052
2917.8	626.53	615.07
2919.72	626.884	615.87
2921.65	626.318	616.655
2923.58	625.278	616.714
2925.51	624.797	616
2927.44	625.044	615.702
2929.37	624.888	616.425
2931.29	623.617	617.157
2933.22	621.734	616.828
2935.15	620.366	615.293
2937.08	620.095	613.422
2939.01	620.842	612.043
2940.94	621.885	611.806
2942.87	622.158	612.564
2944.79	621.257	613.185
2946.72	620.248	612.683
2948.65	619.883	611.906
2950.58	619.522	611.636
2952.51	618.859	611.201
2954.44	618.447	610.286
2956.37	618.491	609.46
2958.29	618.704	609.034
2960.22	618.721	608.933
2962.15	618.555	608.84
2964.08	618.202	608.781
2966.01	617.59	608.576
2967.94	617.131	607.94
2969.86	617.049	607.324
2971.79	616.99	607.043
2973.72	616.87	606.794
2975.65	616.868	606.627
2977.58	616.564	606.882
2979.51	615.689	606.969
2981.44	614.872	606.348
2983.36	614.607	605.566
2985.29	614.535	605.251
2987.22	614.124	605.221
2989.15	613.42	604.944
2991.08	612.817	604.303
2993.01	612.515	603.595
2994.93	612.322	603.08
2996.86	612.19	602.653
2998.79	611.928	602.428
3000.72	611.463	602.141
3002.65	611.007	601.627
3004.58	610.773	601.039
3006.51	610.605	600.654
3008.43	610.318	600.361
3010.36	609.955	600.004
3012.29	609.599	599.593
3014.22	609.268	599.165
3023.86	607.724	597.078
3039.29	605.372	593.747
3054.72	603.104	590.441
3070.14	600.886	587.144
3085.57	598.783	583.832
3101	596.701	580.627
3116.43	594.641	577.394
3131.86	592.625	574.168
3147.28	590.729	570.93
3162.71	588.878	567.835
3178.14	586.963	564.808
3193.57	585.05	561.716
3209	583.218	558.622
3224.42	581.429	555.613
3239.85	579.615	552.66
3255.28	577.769	549.707
3270.71	575.968	546.71
3286.14	574.191	543.763
3301.56	572.44	540.815
3316.99	570.687	537.906
3332.42	568.963	534.972
3347.85	567.274	532.068
3363.28	565.609	529.187
3378.7	563.969	526.33
3394.13	562.33	523.511
3409.56	560.709	520.689
3424.99	559.122	517.894
3440.41	557.53	515.157
3455.84	555.919	512.424
3471.27	554.313	509.683
3486.7	552.729	506.94
3502.13	551.192	504.204
3517.55	549.653	501.527
3532.98	548.134	498.847
3548.41	546.607	496.221
3563.84	545.059	493.598
3579.27	543.509	490.964
3594.69	541.968	488.322
3610.12	540.453	485.68
3625.55	538.947	483.054
3640.98	537.469	480.428
3656.4	535.958	477.845
3671.83	534.441	475.184
3687.26	533.012	472.461
3702.69	531.776	469.761
3718.12	530.527	467.324
3733.54	529.161	464.917
3748.97	527.753	462.483
3764.4	526.305	460.045
3779.83	524.886	457.544
3795.26	523.472	455.076
3810.68	522.072	452.583
3826.11	520.68	450.105
3841.54	519.315	447.605
3856.97	517.983	445.129
3872.39	516.641	442.68
3887.82	515.324	440.211
3903.25	514.024	437.779
3918.68	512.723	435.356
3934.11	511.412	432.941
3949.53	510.142	430.492
3964.96	508.894	428.1
3980.39	507.641	425.717
3995.82	506.388	423.344
4011.25	505.156	420.97
4026.67	503.925	418.625
4042.1	502.712	416.276
4057.53	501.478	413.969
4072.96	500.268	411.623
4088.38	499.068	409.328
4103.81	497.855	407.037
4119.24	496.625	404.751
4134.67	495.42	402.427
4150.1	494.229	400.136
4165.52	493.054	397.842
4180.95	491.874	395.574
4196.38	490.716	393.285
4211.81	489.557	391.043
4227.24	488.39	388.789
4242.66	487.23	386.529
4258.09	486.095	384.268
4273.52	484.967	382.036
4288.95	483.824	379.809
4304.38	482.693	377.56
4319.8	481.6	375.314
4335.23	480.503	373.112
4350.66	479.403	370.9
4366.09	478.319	368.685
4381.51	477.255	366.484
4396.94	476.195	364.311
4412.37	475.108	362.155
4427.8	474.036	359.962
4443.23	472.971	357.797
4458.65	471.918	355.61
4474.08	470.893	353.44
4489.51	469.87	351.296
4504.94	468.846	349.16
4520.37	467.813	347.03
4535.79	466.802	344.881
4551.22	465.804	342.761
4566.65	464.812	340.651
4582.08	463.813	338.563
4597.5	462.813	336.467
4612.93	461.823	334.382
4628.36	460.813	332.315
4643.79	459.822	330.213
4659.22	458.829	328.151
4674.64	457.838	326.066
4690.07	456.855	323.99
4705.5	455.886	321.911
4720.93	454.917	319.855
4736.35	453.946	317.79
4751.78	452.984	315.72
4767.21	452.034	313.662
4782.64	451.083	311.61
4798.07	450.136	309.552
4813.49	449.208	307.491
4828.92	448.279	305.452
4844.35	447.366	303.395
4859.78	446.47	301.364
4875.21	445.56	299.352
4890.63	444.658	297.319
4906.06	443.757	295.309
4921.49	442.867	293.278
4936.92	442.001	291.261
4952.35	441.132	289.279
4967.77	440.254	287.287
4983.2	439.394	285.292
4998.63	438.526	283.33
5014.06	437.656	281.347
5029.48	436.802	279.373
5044.91	435.941	277.419
5060.34	435.066	275.455
5075.77	434.22	273.46
5091.2	433.397	271.505
5106.62	432.563	269.568
5122.05	431.714	267.635
5137.48	430.87	265.682
5152.91	430.044	263.737
5168.34	429.21	261.812
5183.76	428.387	259.867
5199.19	427.562	257.956
5214.62	426.719	256.034
5230.05	425.884	254.093
5245.47	425.071	252.147
5260.9	424.265	250.222
5276.33	423.446	248.302
5291.76	422.648	246.35
5307.19	421.868	244.433
5322.61	421.079	242.521
5338.04	420.29	240.602
5353.47	419.522	238.678
5368.9	418.755	236.787
5384.33	417.974	234.886
5399.75	417.21	232.966
5415.18	416.466	231.068
5430.61	415.715	229.187
5446.04	414.964	227.299
5461.46	414.219	225.416
5476.89	413.476	223.539
5492.32	412.746	221.656
5507.75	412.019	219.804
5523.18	411.273	217.955
5538.6	410.53	216.085
5554.03	409.798	214.222
5569.46	409.076	212.364
5584.89	408.349	210.524
5600.32	407.615	208.675
5615.74	406.882	206.831
5631.17	406.143	204.978
5646.6	405.421	203.105
5662.03	404.718	201.252
5677.46	404.009	199.415
5692.88	403.289	197.57
5708.31	402.589	195.704
5723.74	401.893	193.869
5739.17	401.201	192.013
5754.59	400.526	190.175
5770.02	399.847	188.353
5785.45	399.156	186.534
5800.88	398.462	184.707
5816.31	397.771	182.871
5831.73	397.091	181.027
5847.16	396.424	179.188
5862.59	395.764	177.352
5878.02	395.115	175.52
5893.44	394.465	173.704
5908.87	393.815	171.88
5924.3	393.178	170.058
5939.73	392.541	168.253
5955.16	391.91	166.438
5970.58	391.287	164.638
5986.01	390.655	162.854
6001.44	390.024	161.048
6016.87	389.413	159.257
6032.3	388.792	157.493
6047.72	388.157	155.72
6063.15	387.517	153.95
6078.58	386.868	152.17
6094.01	386.223	150.368
6109.44	385.603	148.556
6124.86	384.997	146.77
6140.29	384.382	144.987
6155.72	383.779	143.193
6171.15	383.176	141.425
6186.57	382.561	139.648
6202	381.957	137.86
6217.43	381.354	136.087
6232.86	380.748	134.302
6248.29	380.154	132.507
6263.71	379.571	130.725
6279.14	379	128.931
6294.57	378.444	127.161
6310	377.886	125.405
6325.43	377.323	123.662
6340.85	376.737	121.934
6356.28	376.14	120.172
6371.71	375.554	118.41
6387.14	374.976	116.636
6402.56	374.423	114.859
6417.99	373.865	113.133
6433.42	373.275	111.386
6448.85	372.686	109.615
6464.28	372.117	107.83
6479.7	371.558	106.057
6495.13	371.009	104.27
6510.56	370.481	102.492
6525.99	369.958	100.737
6541.42	369.419	98.9966
6556.84	368.874	97.232
6572.27	368.337	95.4779
6587.7	367.796	93.7116
6603.13	367.273	91.9291
6618.55	366.768	90.1674
6633.98	366.254	88.4182
6649.41	365.746	86.642
6664.84	365.271	84.883
6680.27	364.792	83.1724
6695.69	364.269	81.4682
6711.12	363.731	79.7161
6726.55	363.227	77.9432
6741.98	362.746	76.2008
6757.41	362.259	74.47
6772.83	361.757	72.7524
6788.26	361.245	71.0097
6803.69	360.736	69.2766
6819.12	360.219	67.5179
6834.54	359.719	65.7402
6849.97	359.255	63.9508
6865.4	358.821	62.2009
6880.83	358.371	60.4895
6896.26	357.899	58.7675
6911.68	357.42	57.057
6927.11	356.913	55.3375
6942.54	356.393	53.5799
6957.97	355.906	51.7713
6973.4	355.463	49.9972
6988.82	355.013	48.2336
7004.25	354.571	46.4497
7019.68	354.144	44.6953
7035.11	353.716	42.9234
7050.53	353.294	41.1834
7065.96	352.854	39.4177
7081.39	352.433	37.6403
7096.82	352.03	35.864
7112.25	351.647	34.0884
7127.67	351.281	32.34
7143.1	350.906	30.6152
7158.53	350.515	28.8894
7173.96	350.122	27.1583
7189.39	349.723	25.436
7204.81	349.318	23.6819
7220.24	348.94	21.9378
7235.67	348.553	20.2177
7251.1	348.127	18.4917
7266.52	347.68	16.6981
7281.95	347.288	14.8328
7297.38	346.992	12.9736
7312.81	346.741	11.2121
7328.24	346.429	9.49574
7343.66	346.068	7.70641
7359.09	345.781	5.81793
7374.52	345.671	3.95215
7389.95	345.648	2.35176
7405.38	345.409	0.973013
7420.8	344.861	-0.57247
7436.23	344.328	-2.48382
7451.66	344.112	-4.4719
7467.09	344.078	-6.20804
7482.52	343.928	-7.7633
7497.94	343.625	-9.40047
7513.37	343.365	-11.1458
7528.8	343.208	-12.835
7544.23	343.047	-14.441
7559.65	342.82	-16.007
7575.08	342.542	-17.6326
7590.51	342.286	-19.2811
7605.94	342.054	-20.9542
7621.37	341.861	-22.6133
7636.79	341.7	-24.272
7652.22	341.578	-25.8526
7667.65	341.419	-27.391
7683.08	341.23	-28.9216
7698.51	341.036	-30.4604
7713.93	340.852	-31.9661
7729.36	340.625	-33.4225
7744.79	340.336	-34.9502
7760.22	340.104	-36.5249
7775.64	339.934	-38.0327
7791.07	339.734	-39.4806
7806.5	339.488	-40.9253
7821.93	339.23	-42.3725
7837.36	338.959	-43.7862
7852.78	338.619	-45.1795
7868.21	338.221	-46.6824
7883.64	337.885	-48.2227
7899.07	337.589	-49.7665
7914.5	337.341	-51.3206
7929.92	337.169	-52.8159
7945.35	337.014	-54.1711
7960.78	336.747	-55.3967
7976.21	336.296	-56.66
7991.63	335.779	-58.0671
8007.06	335.335	-59.5584
8022.49	334.974	-60.9936
8037.92	334.58	-62.3369
8053.35	334.074	-63.6582
8068.77	333.471	-65.0649
8084.2	332.876	-66.5858
8099.63	332.359	-68.1032
8115.06	331.817	-69.5331
8130.49	331.13	-71.0112
8145.91	330.372	-72.6405
8161.34	329.658	-74.4832
8176.77	329.157	-76.4681
8192.2	328.951	-78.4058
8207.62	328.94	-79.9973
8223.05	328.75	-81.2514
8238.48	328.2	-82.4845
8253.91	327.453	-83.9298
8269.34	326.707	-85.4957
8284.76	325.92	-87.2117
8300.19	325.201	-89.1428
8315.62	324.723	-91.1537
8331.05	324.441	-92.9555
8346.48	324.052	-94.625
8361.9	323.548	-96.3348
8377.33	323.033	-98.1236
8392.76	322.568	-99.9871
8408.19	322.2	-101.834
8423.61	321.879	-103.636
8439.04	321.57	-105.301
8454.47	321.105	-106.913
8469.9	320.483	-108.644
8485.33	319.866	-110.66
8500.75	319.547	-112.716
8516.18	319.374	-114.556
8531.61	319.074	-116.271
8547.04	318.646	-118.015
8562.47	318.174	-119.867
8577.89	317.747	-121.777
8593.32	317.353	-123.759
8608.75	317.058	-125.76
8624.18	316.838	-127.718
8639.6	316.641	-129.622
8655.03	316.437	-131.488
8670.46	316.219	-133.335
8685.89	315.988	-135.162
8701.32	315.716	-136.994
8716.74	315.42	-138.886
8732.17	315.167	-140.812
8747.6	314.948	-142.757
8763.03	314.781	-144.716
8778.46	314.678	-146.605
8793.88	314.537	-148.468
8809.31	314.395	-150.328
8824.74	314.256	-152.155
8840.17	314.062	-153.997
8855.59	313.858	-155.898
8871.02	313.706	-157.887
8886.45	313.712	-159.804
8901.88	313.698	-161.602
8917.31	313.596	-163.396
8932.73	313.497	-165.188
8948.16	313.359	-166.985
8963.59	313.201	-168.823
8979.02	313.071	-170.711
8994.45	313.01	-172.553
9009.87	312.896	-174.37
9025.3	312.745	-176.244
9040.73	312.645	-178.173
9056.16	312.625	-180.075
9071.59	312.608	-181.924
9087.01	312.555	-183.784
9102.44	312.532	-185.654
9117.87	312.531	-187.508
9133.3	312.531	-189.354
9148.72	312.553	-191.185
9164.15	312.58	-192.956
9179.58	312.528	-194.742
9195.01	312.489	-196.546
9210.44	312.43	-198.402
9225.86	312.459	-200.228
9241.29	312.437	-202.023
9256.72	312.384	-203.843
9272.15	312.328	-205.703
9287.58	312.299	-207.622
9303	312.366	-209.527
9318.43	312.447	-211.383
9333.86	312.524	-213.199
9349.29	312.563	-215.02
9364.71	312.627	-216.812
9380.14	312.61	-218.625
9395.57	312.599	-220.512
9411	312.656	-222.444
9426.43	312.801	-224.313
9441.85	312.88	-226.171
9457.28	312.999	-228.05
9472.71	313.149	-229.917
9488.14	313.325	-231.747
9503.57	313.48	-233.545
9518.99	313.603	-235.368
9534.42	313.785	-237.181
9549.85	313.946	-238.956
9565.28	314.072	-240.738
9580.7	314.193	-242.563
9596.13	314.376	-244.381
9611.56	314.544	-246.184
9626.99	314.726	-247.987
9642.42	314.92	-249.784
9657.84	315.125	-251.563
9673.27	315.319	-253.343
9688.7	315.549	-255.094
9704.13	315.737	-256.808
9719.56	315.867	-258.548
9734.98	315.995	-260.357
9750.41	316.196	-262.205
9765.84	316.483	-263.993
9781.27	316.726	-265.717
9796.69	316.931	-267.432
9812.12	317.103	-269.167
9827.55	317.269	-270.935
9842.98	317.453	-272.724
9858.41	317.631	-274.551
9873.83	317.881	-276.399
9889.26	318.173	-278.22
9904.69	318.48	-280.006
9920.12	318.777	-281.773
9935.55	319.066	-283.554
9950.97	319.401	-285.338
9966.4	319.78	-287.055
9981.83	320.068	-288.762
9997.26	320.405	-290.493
10012.7	320.76	-292.167
10028.1	321.024	-293.848
10043.5	321.338	-295.554
10059	321.617	-297.267
10074.4	321.946	-298.991
10089.8	322.267	-300.71
10105.3	322.638	-302.391
10120.7	322.917	-304.074
10136.1	323.247	-305.809
10151.5	323.628	-307.511
10167	323.973	-309.192
10182.4	324.342	-310.868
10197.8	324.676	-312.55
10213.3	325.063	-314.238
10228.7	325.444	-315.886
10244.1	325.79	-317.537
10259.5	326.161	-319.183
10275	326.466	-320.857
10290.4	326.853	-322.572
10305.8	327.266	-324.258
10321.2	327.706	-325.898
10336.7	328.082	-327.533
10352.1	328.513	-329.174
10367.5	328.91	-330.795
10383	329.334	-332.402
10398.4	329.692	-334.016
10413.8	330.106	-335.652
10429.2	330.484	-337.299
10444.7	330.951	-338.944
10460.1	331.385	-340.551
10475.5	331.848	-342.145
10491	332.278	-343.713
10506.4	332.705	-345.286
10521.8	333.129	-346.839
10537.2	333.483	-348.427
10552.7	333.926	-350.052
10568.1	334.369	-351.632
10583.5	334.776	-353.225
10598.9	335.243	-354.821
10614.4	335.677	-356.4
10629.8	336.139	-357.987
10645.2	336.598	-359.567
10660.7	337.089	-361.135
10676.1	337.585	-362.646
10691.5	337.979	-364.154
10706.9	338.358	-365.762
10722.4	338.86	-367.415
10737.8	339.435	-368.993
10753.2	339.988	-370.486
10768.7	340.473	-371.971
10784.1	340.99	-373.451
10799.5	341.441	-374.912
10814.9	341.884	-376.405
10830.4	342.322	-377.924
10845.8	342.787	-379.472
10861.2	343.323	-380.986
10876.6	343.794	-382.468
10892.1	344.295	-383.961
10907.5	344.76	-385.457
10922.9	345.293	-386.955
10938.4	345.798	-388.399
10953.8	346.268	-389.834
10969.2	346.698	-391.288
10984.6	347.116	-392.796
11000.1	347.6	-394.321
11015.5	348.046	-395.848
11030.9	348.552	-397.417
11046.4	349.09	-399.002
11061.8	349.777	-400.544
11077.2	350.461	-401.916
11092.6	350.979	-403.222
11108.1	351.404	-404.632
11123.5	351.917	-406.128
11138.9	352.512	-407.573
11154.4	353.048	-408.955
11169.8	353.535	-410.386
11185.2	354.123	-411.851
11200.6	354.772	-413.205
11216.1	355.294	-414.467
11231.5	355.689	-415.799
11246.9	356.132	-417.242
11262.3	356.642	-418.707
11277.8	357.24	-420.109
11293.2	357.739	-421.456
11308.6	358.266	-422.836
11324.1	358.806	-424.162
11339.5	359.24	-425.455
11354.9	359.573	-426.852
11370.3	359.982	-428.397
11385.8	360.58	-429.933
11401.2	361.166	-431.366
11416.6	361.758	-432.771
11432.1	362.315	-434.162
11447.5	362.911	-435.549
11462.9	363.479	-436.892
11478.3	364.006	-438.243
11493.8	364.519	-439.649
11509.2	365.15	-441.048
11524.6	365.723	-442.367
11540	366.252	-443.703
11555.5	366.765	-445.102
11570.9	367.386	-446.534
11586.3	368.067	-447.889
11601.8	368.736	-449.146
11617.2	369.299	-450.352
11632.6	369.765	-451.627
11648	370.281	-453.009
11663.5	370.921	-454.369
11678.9	371.499	-455.667
11694.3	372.103	-457.018
11709.8	372.841	-458.318
11725.2	373.542	-459.469
11740.6	374.143	-460.547
11756	374.625	-461.615
11771.5	374.953	-462.797
11786.9	375.397	-464.138
11802.3	375.977	-465.43
11817.8	376.508	-466.608
11833.2	376.908	-467.814
11848.6	377.361	-469.118
11864	377.854	-470.426
11879.5	378.393	-471.713
11894.9	378.954	-472.927
11910.3	379.409	-474.083
11925.7	379.762	-475.296
11941.2	380.074	-476.643
11956.6	380.52	-478.097
11972	381.057	-479.52
11987.5	381.598	-480.934
12002.9	382.261	-482.359
12018.3	383.06	-483.625
12033.7	383.653	-484.734
12049.2	384.185	-485.908
12064.6	384.707	-487.111
12080	385.227	-488.321
12095.5	385.758	-489.499
12110.9	386.157	-490.682
12126.3	386.558	-491.996
12141.7	387.069	-493.366
12157.2	387.629	-494.716
12172.6	388.294	-496.012
12188	388.909	-497.196
12203.4	389.441	-498.371
12218.9	389.952	-499.607
12234.3	390.547	-500.856
12249.7	391.17	-502.019
12265.2	391.747	-503.061
12280.6	392.061	-504.098
12296	392.296	-505.369
12311.4	392.691	-506.82
12326.9	393.265	-508.261
12342.3	393.919	-509.598
12357.7	394.562	-510.839
12373.2	395.12	-512.07
12388.6	395.753	-513.341
12404	396.404	-514.564
12419.4	397.13	-515.7
12434.9	397.719	-516.715
12450.3	398.206	-517.767
12465.7	398.677	-518.863
12481.1	399.088	-520.001
12496.6	399.577	-521.176
12512	399.981	-522.333
12527.4	400.393	-523.594
12542.9	400.919	-524.921
12558.3	401.674	-526.118
12573.7	402.244	-527.065
12589.1	402.628	-528.021
12604.6	402.879	-529.088
12620	403.125	-530.292
12635.4	403.374	-531.615
12650.9	403.779	-533.018
12666.3	404.243	-534.382
12681.7	404.772	-535.697
12697.1	405.22	-536.977
12712.6	405.684	-538.341
12728	406.285	-539.716
12743.4	406.927	-540.98
12758.8	407.505	-542.165
12774.3	408.037	-543.347
12789.7	408.518	-544.54
12805.1	408.988	-545.763
12820.6	409.389	-547.04
12836	409.826	-548.472
12851.4	410.53	-549.96
12866.8	411.409	-551.24
12882.3	412.195	-552.266
12897.7	412.774	-553.208
12913.1	413.168	-554.255
12928.6	413.66	-555.423
12944	414.12	-556.55
12959.4	414.509	-557.734
12974.8	414.952	-559.028
12990.3	415.537	-560.334
13005.7	416.228	-561.494
13021.1	416.733	-562.507
13036.6	417.106	-563.606
13052	417.475	-564.838
13067.4	417.972	-566.12
13082.8	418.498	-567.329
13098.3	418.992	-568.494
13113.7	419.437	-569.66
13129.1	419.877	-570.835
13144.5	420.201	-572.052
13160	420.631	-573.377
13175.4	421.073	-574.672
13190.8	421.513	-575.971
13206.3	421.873	-577.34
13221.7	422.373	-578.861
13237.1	423.079	-580.37
13252.5	423.96	-581.702
13268	424.802	-582.764
13283.4	425.401	-583.678
13298.8	425.767	-584.666
13314.3	426.054	-585.846
13329.7	426.442	-587.149
13345.1	426.815	-588.489
13360.5	427.308	-589.905
13376	427.87	-591.28
13391.4	428.448	-592.619
13406.8	429.038	-593.931
13422.2	429.575	-595.246
13437.7	430.124	-596.656
13453.1	430.866	-598.102
13468.5	431.736	-599.372
13484	432.474	-600.465
13499.4	433.102	-601.575
13514.8	433.784	-602.685
13530.2	434.348	-603.702
13545.7	434.794	-604.75
13561.1	435.152	-605.88
13576.5	435.446	-607.158
13592	435.888	-608.582
13607.4	436.456	-609.959
13622.8	436.926	-611.316
13638.2	437.578	-612.746
13653.7	438.237	-614.041
13669.1	438.816	-615.275
13684.5	439.179	-616.634
13699.9	439.807	-618.245
13715.4	440.636	-619.769
13730.8	441.596	-621.121
13746.2	442.495	-622.25
13761.7	443.152	-623.32
13777.1	443.738	-624.549
13792.5	444.446	-625.872
13807.9	445.234	-627.141
13823.4	446.064	-628.317
13838.8	446.832	-629.39
13854.2	447.504	-630.437
13869.7	448.102	-631.528
13885.1	448.751	-632.63
13900.5	449.254	-633.691
13915.9	449.713	-634.848
13931.4	450.051	-636.154
13946.8	450.616	-637.691
13962.2	451.42	-639.191
13977.7	452.431	-640.481
13993.1	453.295	-641.486
14008.5	453.96	-642.442
14023.9	454.501	-643.428
14039.4	454.833	-644.506
14054.8	455.093	-645.863
14070.2	455.569	-647.481
14085.6	456.386	-649.092
14101.1	457.312	-650.469
14116.5	458.141	-651.691
14131.9	458.852	-652.929
14147.4	459.568	-654.281
14162.8	460.437	-655.672
14178.2	461.413	-656.958
14193.6	462.412	-658.075
14209.1	463.247	-659.058
14224.5	463.873	-660.124
14239.9	464.576	-661.398
14255.4	465.513	-662.661
14270.8	466.503	-663.689
14286.2	467.29	-664.54
14301.6	467.806	-665.482
14317.1	468.398	-666.633
14332.5	469.046	-667.789
14347.9	469.705	-668.923
14363.3	470.306	-670.057
14378.8	470.871	-671.27
14394.2	471.515	-672.565
14409.6	472.218	-673.859
14425.1	473.005	-675.099
14440.5	473.638	-676.297
14455.9	474.309	-677.665
14471.3	475.207	-679.051
14486.8	476.123	-680.278
14502.2	477.017	-681.428
14517.6	477.805	-682.559
14533.1	478.624	-683.749
14548.5	479.453	-684.922
14563.9	480.292	-686.076
14579.3	481.067	-687.244
14594.8	481.935	-688.468
14610.2	482.822	-689.653
14625.6	483.787	-690.804
14641	484.739	-691.859
14656.5	485.669	-692.837
14671.9	486.432	-693.792
14687.3	487.203	-694.859
14702.8	488.018	-695.962
14718.2	488.987	-696.993
14733.6	489.816	-697.817
14749	490.397	-698.658
14764.5	490.8	-699.751
14779.9	491.417	-701.154
14795.3	492.406	-702.54
14810.8	493.541	-703.62
14826.2	494.502	-704.431
14841.6	495.253	-705.177
14857	495.727	-705.996
14872.5	496.066	-707.101
14887.9	496.568	-708.506
14903.3	497.41	-709.963
14918.8	498.428	-711.182
14934.2	499.23	-712.214
14949.6	499.888	-713.425
14965	500.833	-714.808
14980.5	502.009	-715.966
14995.9	503.028	-716.81
15011.3	503.659	-717.698
15026.7	504.386	-718.903
15042.2	505.362	-720.107
15057.6	506.377	-721.1
15073	507.19	-722.001
15088.5	507.95	-723.015
15103.9	508.74	-724.099
15119.3	509.576	-725.22
15134.7	510.549	-726.317
15150.2	511.527	-727.272
15165.6	512.426	-728.135
15181	513.204	-728.991
15196.5	513.97	-729.877
15211.9	514.61	-730.761
15227.3	515.199	-731.76
15242.7	515.802	-732.86
15258.2	516.415	-734.072
15273.6	517.24	-735.368
15289	518.187	-736.543
15304.4	519.155	-737.542
15319.9	519.843	-738.471
15335.3	520.494	-739.612
15350.7	521.189	-740.929
15366.2	522.22	-742.34
15381.6	523.493	-743.513
15397	524.755	-744.31
15412.4	525.617	-744.882
15427.9	526.133	-745.65
15443.3	526.698	-746.718
15458.7	527.345	-747.881
15474.2	528.02	-749.124
15489.6	528.829	-750.49
15505	529.904	-751.835
15520.4	531.086	-752.961
15535.9	532.152	-753.929
15551.3	533.258	-754.815
15566.7	534.031	-755.591
15582.1	534.674	-756.644
15597.6	535.524	-757.943
15613	536.739	-759.155
15628.4	537.926	-760.019
15643.9	538.86	-760.74
15659.3	539.546	-761.571
15674.7	540.17	-762.677
15690.1	541.002	-764.029
15705.6	542.25	-765.33
15721	543.527	-766.297
15736.4	544.692	-767.089
15751.9	545.692	-767.82
15767.3	546.536	-768.607
15782.7	547.296	-769.576
15798.1	548.31	-770.699
15813.6	549.559	-771.604
15829	550.538	-772.251
15844.4	551.428	-772.948
15859.9	552.104	-773.684
15875.3	552.755	-774.612
15890.7	553.404	-775.689
15906.1	554.163	-776.956
15921.6	555.192	-778.351
15937	556.695	-779.581
15952.4	558.261	-780.256
15967.8	559.323	-780.596
15983.3	560.037	-781.117
15998.7	560.697	-781.898
16014.1	561.414	-782.843
16029.6	562.307	-783.839
16045	563.252	-784.724
16060.4	564.089	-785.558
16075.8	564.897	-786.456
16091.3	565.677	-787.415
16106.7	566.474	-788.485
16122.1	567.434	-789.635
16137.6	568.563	-790.713
16153	569.791	-791.578
16168.4	570.792	-792.211
16183.8	571.404	-792.967
16199.3	572.019	-794.154
16214.7	572.974	-795.624
16230.1	574.433	-797.022
16245.5	576.061	-798.059
16261	577.776	-798.762
16276.4	579.339	-799.062
16291.8	580.467	-799.132
16307.3	581.144	-799.307
16322.7	581.505	-799.886
16338.1	582.016	-801.027
16353.5	583.261	-802.335
16369	584.895	-803.081
16384.4	586.19	-803.233
16399.8	586.904	-803.323
16415.3	587.356	-803.697
16430.7	587.593	-804.402
16446.1	587.957	-805.577
16461.5	588.848	-806.939
16477	589.986	-808.052
16492.4	591.059	-809.012
16507.8	592.275	-809.958
16523.2	593.502	-810.729
16538.7	594.631	-811.417
16554.1	595.759	-812.108
16569.5	596.94	-812.682
16585	597.817	-813.175
16600.4	598.658	-813.901
16615.8	599.65	-814.753
16631.2	600.89	-815.508
16646.7	602.03	-816.027
16662.1	603.044	-816.52
16677.5	603.947	-817.113
16693	605.106	-817.746
16708.4	606.157	-818.156
16723.8	607.051	-818.615
16739.2	608.131	-819.117
16754.7	609.185	-819.36
16770.1	609.867	-819.514
16785.5	610.478	-819.832
16801	610.928	-820.203
16816.4	611.11	-820.88
16831.8	611.625	-822.06
16847.2	612.868	-823.148
16862.7	614.115	-823.585
16878.1	614.747	-823.85
16893.5	615.257	-824.564
16908.9	616.257	-825.421
16924.4	617.279	-825.903
16939.8	618.027	-826.218
16955.2	618.415	-826.733
16970.7	618.961	-827.688
16986.1	620.04	-828.691
17001.5	621.407	-829.178
17016.9	622.188	-829.251
17032.4	622.743	-829.528
17047.8	623.183	-829.917
17063.2	623.41	-830.479
17078.7	623.6	-831.461
17094.1	624.275	-832.77
17109.5	625.446	-833.896
17124.9	626.734	-834.582
17140.4	627.801	-834.965
17155.8	628.575	-835.384
17171.2	629.495	-835.953
17186.6	630.561	-836.339
17202.1	631.581	-836.333
17217.5	631.912	-836.135
17232.9	631.946	-836.318
17248.4	631.917	-836.816
17263.8	631.828	-837.626
17279.2	632.012	-838.789
17294.6	632.688	-839.941
17310.1	633.557	-840.633
17325.5	633.879	-840.953
17340.9	633.448	-841.732
17356.4	633.318	-843.469
17371.8	634.028	-845.548
17387.2	635.417	-847.356
17402.6	637.154	-848.682
17418.1	639.161	-849.373
17433.5	640.676	-849.376
17448.9	641.57	-849.34
17464.3	642.373	-849.52
17479.8	643.14	-849.618
17495.2	643.613	-849.566
17510.6	643.618	-849.617
17526.1	643.286	-850.14
17541.5	643.246	-851.155
17556.9	643.513	-852.112
17572.3	643.258	-853.126
17587.8	643.247	-854.914
17603.2	644.226	-856.893
17618.6	645.706	-858.191
17634.1	646.769	-858.951
17649.5	647.771	-859.687
17664.9	648.464	-860.308
17680.3	648.819	-861.22
17695.8	649.486	-862.59
17711.2	650.657	-863.963
17726.6	652.185	-864.999
17742	653.999	-865.352
17757.5	655.092	-864.838
17772.9	654.748	-864.487
17788.3	653.9	-865.527
17803.8	654.232	-867.715
17819.2	656.134	-869.429
17834.6	658.215	-869.499
17850	658.671	-868.597
17865.5	657.508	-868.636
17880.9	656.63	-870.431
17896.3	657.14	-872.884
17911.8	658.624	-874.751
17927.2	660.067	-875.852
17942.6	661.32	-876.712
17958	662.646	-877.401
17973.5	663.881	-877.605
17988.9	664.193	-877.569
18004.3	663.906	-878.274
18019.8	664.287	-879.657
18035.2	665	-880.767
18050.6	665.402	-881.745
18066	665.914	-882.986
18081.5	666.57	-884.236
18096.9	667.243	-885.447
18112.3	667.892	-886.715
18127.7	668.629	-888.126
18143.2	669.772	-889.455
18158.6	670.708	-890.397
18174	671.116	-891.538
18189.5	671.763	-893.348
18204.9	673.233	-895.325
18220.3	675.306	-896.76
18235.7	677.412	-897.415
18251.2	679.078	-897.517
18266.6	680.209	-897.472
18282	681.02	-897.479
18297.5	681.418	-897.584
18312.9	681.628	-897.958
18328.3	681.795	-898.436
18343.7	681.462	-899.04
18359.2	680.703	-900.485
18374.6	681.028	-902.731
18390	682.156	-904.315
18405.4	682.267	-905.276
18420.9	681.492	-907.445
18436.3	682.157	-911.363
18451.7	686.054	-914.643
18467.2	690.615	-914.228
18482.6	691.249	-911.226
18498	687.374	-910.52
18513.4	683.506	-915.317
18528.9	685.382	-923.306
18544.3	693.403	-927.795
18559.7	700.318	-925.027
18575.2	699.8	-919.827
18590.6	694.531	-919.643
18606	691.94	-925.525
18621.4	695.133	-932.181
18636.9	700.585	-935.091
18652.3	703.879	-935.31
18667.7	705.304	-936.464
18683.1	708.089	-939.161
18698.6	712.738	-940.96
18714	717.238	-940.723
18729.4	720.732	-939.149
18744.9	722.12	-937.216
18760.3	721.857	-936.87
18775.7	722.78	-938.541
18791.1	725.87	-939.821
18806.6	728.762	-939.098
18822	729.611	-937.879
18837.4	729.635	-938.154
18852.9	730.845	-939.515
18868.3	733.002	-940.244
18883.7	734.514	-940.065
18899.1	735	-940.137
18914.6	735.045	-941.338
18930	735.607	-943.968
18945.4	738.047	-947.536
18960.9	743.109	-950.396
18976.3	749.112	-953.283
