100.281	4532.23	2555.17	
100.924	4529.85	2521.02
101.567	4548.31	2502.92
102.21	4567.54	2504.08
102.852	4577.17	2512.92
103.495	4581.18	2518.91
104.138	4581.38	2526.43
104.781	4576.73	2526.56
105.424	4584.04	2509.99
106.067	4620.23	2499.68
106.709	4670.83	2528.91
107.352	4700.6	2600.43
107.995	4681.31	2690.42
108.638	4611.79	2757.47
109.281	4520.96	2774.55
109.924	4445.14	2743.85
110.566	4406.87	2689.69
111.209	4406.55	2642.22
111.852	4426.61	2622.18
112.495	4443.27	2631.47
113.138	4437.87	2657.16
113.781	4407.19	2674.88
114.423	4370.89	2665.58
115.066	4350.22	2640.5
115.709	4350.59	2617.75
116.352	4357.55	2616.91
116.995	4350.58	2629.13
117.637	4328.8	2633.98
118.28	4304.07	2625.27
118.923	4287.5	2606.37
119.566	4278.1	2590.52
120.209	4268.94	2574.82
120.852	4262.02	2552.89
121.494	4267.77	2523.73
122.137	4291.35	2502.51
122.78	4322.12	2502.88
123.423	4344.06	2522.45
124.066	4350.06	2548.45
124.709	4345.39	2570.4
125.351	4333.56	2592.03
125.994	4311.24	2610.56
126.637	4277.29	2618.07
127.28	4245.07	2600.08
127.923	4235.97	2565.75
128.566	4253.88	2541.17
129.208	4281.42	2544.01
129.851	4295.38	2570.31
130.494	4286.4	2598.53
131.137	4267.34	2611.16
131.78	4251.81	2616.25
132.423	4236.78	2623.7
133.065	4214.39	2629.37
133.708	4189.64	2620.13
134.351	4177.9	2597.16
134.994	4187.12	2576.58
135.637	4207.14	2576.82
136.279	4219.08	2597.15
136.922	4214.36	2622.79
137.565	4197.14	2642.78
138.208	4173.55	2654.89
138.851	4147.17	2658.17
139.494	4123.25	2650.82
140.136	4108.87	2635.98
140.779	4106.07	2623.24
141.422	4108.47	2620.17
142.065	4107.87	2624.98
142.708	4102.92	2630.6
143.351	4096.07	2636.02
143.993	4088.93	2641.33
144.636	4081.09	2648.82
145.279	4070.3	2658.26
145.922	4056.39	2667.3
146.565	4038.11	2676.9
147.208	4015.38	2682.51
147.85	3991.17	2683.26
148.493	3966.68	2680.52
149.136	3943.32	2674.52
149.779	3918.77	2670.5
150.422	3863.83	2669.21
151.065	3834.87	2590.76
151.707	3849.87	2545.43
152.35	3870.28	2514.09
152.993	3893.45	2491.08
153.636	3926.07	2470.47
154.279	3969.66	2467.67
154.921	4013.35	2488.74
155.564	4041.6	2534.89
156.207	4041.76	2591.8
156.85	4009.87	2642.99
157.493	3958.95	2665.61
158.136	3908.72	2660.8
158.778	3871.86	2634.3
159.421	3859.87	2595.54
160.064	3871.55	2566.75
160.707	3894.69	2556.28
161.35	3915.14	2565.9
161.993	3923.69	2584.79
162.635	3926.45	2601.09
163.278	3927.74	2623.47
163.921	3919.65	2655.24
164.564	3891.58	2689.69
165.207	3844.86	2707.67
165.85	3796.93	2699.22
166.492	3763.51	2673.67
167.135	3748.38	2645.14
167.778	3743.86	2625.25
168.421	3741.79	2611.69
169.064	3740.38	2601.19
169.707	3737.58	2593.45
170.349	3737.73	2581.31
170.992	3747.57	2572.29
171.635	3759.89	2578.87
172.278	3761.85	2597.68
172.921	3746.06	2618.06
173.563	3719.98	2623.38
174.206	3697.06	2615.64
174.849	3680.45	2604.07
175.492	3666.94	2591.15
176.135	3656.32	2574.12
176.778	3655.16	2552.08
177.42	3663.03	2536.8
178.063	3675.01	2528.44
178.706	3686.71	2529.13
179.349	3693.9	2535.68
179.992	3695.8	2544.34
180.635	3692.13	2553.21
181.277	3685.04	2557.94
181.92	3678.33	2559.01
182.563	3674.37	2558.59
183.206	3670.73	2560.92
183.849	3666.36	2562.22
184.492	3662.58	2563.56
185.134	3659.09	2565.81
185.777	3653.41	2569.55
186.42	3647.57	2569.63
187.063	3644.11	2570.03
187.706	3642.49	2572.44
188.349	3639.66	2580
188.991	3627.44	2591.5
189.634	3608.14	2592.06
190.277	3591.68	2581.51
190.92	3586.31	2563.1
191.563	3594.79	2547.69
192.205	3612.5	2543.94
192.848	3629.72	2556.65
193.491	3633.81	2582.52
194.134	3621.3	2605.99
194.777	3599.18	2618.1
195.42	3580.17	2615.63
196.062	3570.21	2610.24
196.705	3566.94	2607.68
197.348	3564.4	2612.14
197.991	3558.32	2619.43
198.634	3547.9	2626.76
199.277	3536.21	2630.36
199.919	3524.98	2633.95
200.562	3510.86	2638.65
201.205	3492.28	2639.86
201.848	3473.18	2633.27
202.491	3456.83	2620.54
203.134	3450.26	2599.82
203.776	3455.74	2583.12
204.419	3468.5	2575.14
205.062	3481.91	2578.73
205.705	3490.58	2590.56
206.348	3492.62	2607.04
206.991	3485.64	2626.04
207.633	3469.84	2640.77
208.276	3450.08	2647.09
208.919	3432.37	2645.44
209.562	3420.23	2639.95
210.205	3412.5	2635.36
210.847	3408.38	2631.51
211.49	3408.05	2630.87
212.133	3409.14	2636.96
212.776	3404.8	2651.62
213.419	3387.96	2668.38
214.062	3361.72	2674.74
214.704	3336.95	2667.57
215.347	3322.19	2653.17
215.99	3316.04	2642.42
216.633	3311.71	2637.63
217.276	3304.85	2635.38
217.919	3297.74	2630.74
218.561	3292.49	2626.53
219.204	3287.93	2624.02
219.847	3282.73	2622.91
220.49	3275.58	2622.1
221.133	3269.03	2618.35
221.776	3264.37	2615.03
222.418	3262.03	2612.26
223.061	3260.2	2613.39
223.704	3256.21	2617.04
224.347	3248.73	2621.34
224.99	3240.08	2623.04
225.633	3230.49	2625.22
226.275	3218.37	2625.96
226.918	3206.66	2622.29
227.561	3196.38	2617.46
228.204	3188.51	2610.28
228.847	3184.33	2603.32
229.49	3182.15	2599.08
230.132	3179.87	2597
230.775	3177.09	2595.53
231.418	3175.97	2593.74
232.061	3176.8	2595.33
232.704	3175.98	2602.31
233.346	3169.89	2612.29
233.989	3157.64	2621.35
234.632	3140.37	2626.08
235.275	3122.76	2623.37
235.918	3107.77	2616.29
236.561	3099.53	2605.37
237.203	3094.61	2599.63
237.846	3091.28	2594.35
238.489	3089.47	2593
239.132	3084.93	2596.52
239.775	3074.07	2601.07
240.418	3058.07	2600.62
241.06	3041.64	2592.34
241.703	3032.47	2576.5
242.346	3032.69	2562.71
242.989	3037.31	2556.31
243.632	3040.82	2557.08
244.275	3039.08	2562.54
244.917	3029.58	2567.87
245.56	3016.01	2565.91
246.203	3005.04	2556.56
246.846	3001.15	2543.9
247.489	3004.8	2534.05
248.132	3010.9	2532.19
248.774	3012.71	2536.45
249.417	3010.31	2539.57
250.06	3007.88	2540.67
250.703	3007.14	2542.89
251.346	3004.74	2549.27
251.988	2997.58	2556.27
252.631	2988.9	2559.5
253.274	2980.99	2562.23
253.917	2971.13	2566.32
254.56	2959.73	2567.92
255.203	2946.67	2568.29
255.845	2935.72	2564.02
256.488	2926.58	2561.58
257.131	2917.09	2559.66
257.774	2904.99	2558.19
258.417	2891.6	2552.42
259.06	2880.27	2542.84
259.702	2873.09	2531.43
260.345	2869.99	2521.34
260.988	2868.04	2514.79
261.631	2865.17	2509.85
262.274	2860.55	2505.02
262.917	2856.98	2497.43
263.559	2855.23	2490.41
264.202	2855.58	2483.45
264.845	2857.29	2478.74
265.488	2859.8	2475.51
266.131	2862.26	2474.69
266.774	2864.79	2475.12
267.416	2866.4	2478.3
268.059	2867.46	2482.55
268.702	2866.71	2490.54
269.345	2860.39	2501.12
269.988	2846.39	2509.3
270.63	2830.31	2508.17
271.273	2819.22	2500.66
271.916	2815.77	2493.16
272.559	2814.21	2492.88
273.202	2808.55	2496.11
273.845	2797.98	2497.73
274.487	2787.01	2493.8
275.13	2779.24	2487.33
275.773	2775.22	2481.5
276.416	2771.84	2479.41
277.059	2766.27	2478.96
277.702	2758.11	2477.66
278.344	2749.65	2473.32
278.987	2743.37	2467.37
279.63	2738	2462.89
280.273	2731.53	2458.62
280.916	2724.19	2452.37
281.559	2718.74	2442.76
282.201	2718.25	2431.98
282.844	2721.85	2424.81
283.487	2725.48	2422.73
284.13	2726.57	2423.24
284.773	2725.52	2423.62
285.416	2724	2423.29
286.058	2722.07	2423.38
286.701	2720.29	2422.96
287.344	2719.12	2423.28
287.987	2717.57	2425.16
288.63	2715.4	2427.94
289.272	2711.69	2432.44
289.915	2705.22	2437.7
290.558	2695.23	2442.32
291.201	2681.71	2444.01
291.844	2667.95	2439.99
292.487	2656.64	2432.36
293.129	2649.13	2422.76
293.772	2644.95	2413.8
294.415	2643.34	2406.29
295.058	2642	2401.6
295.701	2640.64	2397.46
296.344	2638.66	2394.73
296.986	2635.75	2391.69
297.629	2633.92	2387.41
298.272	2634.18	2384.38
298.915	2634.15	2384.97
299.558	2631	2387.71
300.201	2624.05	2389.69
300.843	2614.32	2388.57
301.486	2604.2	2382.56
302.129	2597.81	2371.54
302.772	2598.78	2359.42
303.415	2604.52	2353.08
304.058	2610.1	2352.9
304.7	2611.41	2357.01
305.343	2608.39	2360.22
305.986	2603.71	2360.78
306.629	2600.46	2359.22
307.272	2598.5	2359.12
307.914	2595.05	2361.09
308.557	2588.61	2362.55
309.2	2581.43	2360.65
309.843	2575.98	2356.77
310.486	2572.39	2353.02
311.129	2570.23	2350.26
311.771	2567.19	2349.75
312.414	2562.77	2348.75
313.057	2557.36	2346.91
313.7	2552.99	2342.9
314.343	2551.08	2339.24
314.986	2549.16	2338.58
315.628	2545.74	2338.89
316.271	2539.25	2339.64
316.914	2531.51	2336.95
317.557	2524.99	2332.19
318.2	2518.84	2327.07
318.843	2514.61	2319.7
319.485	2511.98	2313.39
320.128	2510.61	2307.06
320.771	2509.97	2301.98
321.414	2509.46	2297.44
322.057	2509.55	2293.11
322.7	2509.97	2289.88
323.342	2510.21	2287.54
323.985	2509.86	2285.98
324.628	2507.9	2284.82
325.271	2504.57	2281.78
325.914	2503.04	2275.54
326.556	2505.47	2269.21
327.199	2510.69	2266.19
327.842	2515.25	2267.67
328.485	2516.56	2271.41
329.128	2515.08	2274.22
329.771	2512.75	2275.32
330.413	2510.54	2275.5
331.056	2509.33	2275.07
331.699	2508.9	2275.84
332.342	2506.97	2278.46
332.985	2502.73	2280.29
333.628	2498.18	2279.65
334.27	2494.58	2277.91
334.913	2492.29	2275.67
335.556	2491.41	2273.91
336.199	2490.99	2273.71
336.842	2490.27	2274.8
337.485	2487.1	2277.39
338.127	2482.53	2277.62
338.77	2478.43	2276.6
339.413	2473.71	2275.37
340.056	2470.01	2271.24
340.699	2468.71	2266.56
341.342	2470.73	2262.12
341.984	2475	2261.19
342.627	2479.12	2264.34
343.27	2479.74	2271.37
343.913	2475.75	2278.2
344.556	2468.26	2282.41
345.198	2460.85	2282.01
345.841	2455.96	2279.72
346.484	2452.84	2278.05
347.127	2450.46	2277.08
347.77	2447.58	2276.86
348.413	2445.48	2275.54
349.055	2444.22	2275.42
349.698	2443.23	2276.3
350.341	2440.75	2278.91
350.984	2436.97	2280.6
351.627	2432.57	2281.59
352.27	2428.5	2281.33
352.912	2425.2	2280.87
353.555	2422.29	2280.57
354.198	2420.29	2280.13
354.841	2418.92	2280.82
355.484	2418.17	2282.63
356.127	2416.23	2287.14
356.769	2411.44	2292.37
357.412	2404.33	2296.27
358.055	2395.72	2298.2
358.698	2387.53	2297.13
359.341	2381.23	2294.52
359.984	2377.99	2291.74
360.626	2376.1	2292.14
361.269	2372.35	2295.37
361.912	2365.5	2298.69
362.555	2356.46	2299.79
363.198	2348.2	2297.62
363.84	2342.44	2294.67
364.483	2338.6	2293.35
365.126	2333.76	2295.12
365.769	2325.7	2297.76
366.412	2314.53	2298.64
367.055	2301.48	2296.07
367.697	2289.09	2288.94
368.34	2279.7	2278.35
368.983	2275.09	2266.4
369.626	2274.35	2256.54
370.269	2274.82	2249.75
370.912	2275.2	2244.64
371.554	2275.65	2240.4
372.197	2276.43	2237.15
372.84	2277.87	2235.41
373.483	2277.64	2236.77
374.126	2274.32	2238.55
374.769	2268.6	2238.94
375.411	2258.61	2236.73
376.054	2257.71	2224.56
376.697	2257.98	2223.62
377.34	2256.32	2220.26
377.983	2255.91	2217
378.626	2256.16	2215.24
379.268	2255.47	2215.15
379.911	2253.88	2215.1
380.554	2251.22	2215.43
381.197	2247.83	2215.06
381.84	2244.4	2214.26
382.482	2240.47	2213.64
383.125	2235.92	2212.36
383.768	2231.26	2210.23
384.411	2226.92	2207.41
385.054	2222.89	2204.32
385.697	2219.17	2200.96
386.339	2215.26	2197.52
386.982	2211.77	2193.07
387.625	2208.68	2188.4
388.268	2206.34	2182.86
388.911	2205.76	2176.89
389.554	2206.84	2171.99
390.196	2208.36	2168.85
390.839	2209.61	2166.78
391.482	2210.49	2165.34
392.125	2211.29	2164.26
392.768	2212.25	2164.02
393.411	2212.25	2165.35
394.053	2210.39	2167.1
394.696	2206.53	2168.03
395.339	2201.88	2166.71
395.982	2197.82	2163.29
396.625	2196.32	2158.2
397.268	2197.09	2154.42
397.91	2198.77	2152.55
398.553	2199.63	2152.65
399.196	2199.01	2152.94
399.839	2198.64	2152.16
400.482	2198.43	2152.22
401.125	2198.53	2152.4
401.767	2198.2	2153.93
402.41	2196.77	2155.79
403.053	2194.72	2157.39
403.696	2191.9	2159.05
404.339	2188.76	2160.2
404.981	2184.33	2161.57
405.624	2179.75	2160.96
406.267	2175.07	2159.91
406.91	2171.7	2157.12
407.553	2169.45	2155.18
408.196	2167.53	2153.74
408.838	2165.22	2152.9
409.481	2162.8	2151.63
410.124	2160.38	2150.36
410.767	2158.03	2148.74
411.41	2156.58	2146.75
412.053	2155.52	2145.67
412.695	2154.55	2144.99
413.338	2153.43	2144.99
413.981	2151.63	2145.46
414.624	2149.31	2145.7
415.267	2146.59	2145.77
415.91	2143.68	2145.39
416.552	2140.7	2144.6
417.195	2138.01	2143.18
417.838	2136.09	2141.35
418.481	2135.46	2139.7
419.124	2135.62	2139.48
419.767	2135.52	2140.98
420.409	2133.65	2143.94
421.052	2129.72	2146.39
421.695	2124.58	2147.21
422.338	2120.47	2145.89
422.981	2117.82	2144.81
423.623	2115.79	2144.73
424.266	2113.08	2145.81
424.909	2109.31	2146.79
425.552	2105.59	2147.05
426.195	2101.59	2147.9
426.838	2096.67	2148.69
427.48	2091.06	2148.81
428.123	2084.61	2148.16
428.766	2078.13	2145.68
429.409	2072.54	2141.79
430.052	2068.72	2136.89
430.695	2067.2	2132.32
431.337	2067.2	2129.86
431.98	2066.34	2130.22
432.623	2062.89	2131.56
433.266	2056.99	2131.43
433.909	2051.24	2128.17
434.552	2047.17	2123.55
435.194	2045.45	2118.58
435.837	2045.54	2115.14
436.48	2046	2113.97
437.123	2045.21	2114.69
437.766	2042.31	2115.86
438.409	2038.08	2115.73
439.051	2033.9	2114.21
439.694	2030.57	2112.03
440.337	2028.06	2110.21
440.98	2025.47	2109.4
441.623	2021.74	2109.1
442.265	2017.01	2107.99
442.908	2011.99	2105.71
443.551	2007.44	2102.26
444.194	2003.7	2098.16
444.837	2001.41	2093.72
445.48	1999.91	2090.33
446.122	1998.6	2087.7
446.765	1996.89	2085.92
447.408	1994.21	2084.37
448.051	1990.62	2082.06
448.694	1987.11	2078.11
449.337	1985.72	2072.8
449.979	1986.47	2068.82
450.622	1988.07	2067.22
451.265	1987.8	2068.43
451.908	1985.05	2069.52
452.551	1980.51	2069.45
453.194	1975.25	2067.38
453.836	1970.73	2063.33
454.479	1967.82	2058.38
455.122	1966.43	2053.81
455.765	1965.38	2050.4
456.408	1963.73	2047.37
457.051	1961.74	2043.54
457.693	1961.37	2038.52
458.336	1962.59	2034.87
458.979	1963.95	2033.23
459.622	1963.33	2033.28
460.265	1960.91	2032.2
460.907	1958.19	2029.37
461.55	1956.81	2025.24
462.193	1956.61	2021.64
462.836	1956.77	2018.85
463.479	1957.01	2016.74
464.122	1955.91	2015.62
464.764	1953.44	2013.26
465.407	1951.25	2008.82
466.05	1950.59	2003.18
466.693	1951.72	1997.41
467.336	1954.4	1992.33
467.979	1958.24	1988.39
468.621	1962.42	1986.14
469.264	1965.97	1985.18
469.907	1968.77	1984.51
470.55	1971.18	1983.69
471.193	1973.66	1982.56
471.836	1977.02	1981.19
472.478	1981.35	1980.84
473.121	1984.87	1982.32
473.764	1986.77	1983.44
474.407	1988.66	1982.37
475.05	1994	1979.3
475.693	2004.15	1978.48
476.335	2016.62	1983.84
476.978	2026.14	1996.49
477.621	2029.2	2012.3
478.264	2026.2	2026.68
478.907	2021.17	2037.04
479.549	2016.03	2046.06
480.192	2010.63	2054.97
480.835	2002.77	2064.71
481.478	1992.02	2072.47
482.121	1979.42	2077.02
482.764	1967.34	2077.51
483.406	1957.31	2075.65
484.049	1948.9	2072.91
484.692	1942.27	2069.07
485.335	1938.43	2064.96
485.978	1936.82	2062.86
486.621	1934.94	2063.8
487.263	1930.63	2066.1
487.906	1924.77	2067.02
488.549	1918.93	2066.66
489.192	1913.59	2065.88
489.835	1908.14	2065.35
490.478	1901.49	2064.52
491.12	1894.65	2061.39
491.763	1889.9	2056.15
492.406	1888.18	2051.17
493.049	1888.1	2048.57
493.692	1888.01	2048.44
494.335	1885.9	2050.42
494.977	1881.26	2052.06
495.62	1875.25	2051.76
496.263	1869.68	2049.19
496.906	1866.37	2045.29
497.549	1865.53	2042.64
498.191	1864.78	2043.08
498.834	1861.73	2045.44
499.477	1855.19	2047.24
500.12	1847.76	2045.2
500.763	1842.97	2040.53
501.406	1841.32	2036.86
502.048	1840.16	2036.46
502.691	1836.36	2038.36
503.334	1828.94	2039.27
503.977	1820.42	2036.26
504.62	1814.06	2030.15
505.263	1810.17	2023.84
505.905	1807.48	2018.17
506.548	1805.82	2012.48
507.191	1805.76	2007.03
507.834	1807.82	2002.99
508.477	1809.95	2002.5
509.12	1809.72	2004.34
509.762	1806.54	2006.14
510.405	1801.92	2006.01
511.048	1797.72	2004.32
511.691	1793.66	2002.7
512.334	1789	2000.76
512.977	1783.68	1997.6
513.619	1779.22	1992.27
514.262	1777.22	1985.94
514.905	1777.5	1980.81
515.548	1778.39	1978.02
516.191	1778.17	1976.94
516.833	1776.58	1976.02
517.476	1774.43	1974.53
518.119	1771.95	1972.87
518.762	1768.86	1970.89
519.405	1765.57	1967.96
520.048	1762.23	1964.15
520.69	1759.79	1958.85
521.333	1759.24	1952.87
521.976	1761.42	1947.47
522.619	1764.8	1945.19
523.262	1766.87	1945.85
523.905	1765.61	1947.63
524.547	1762.06	1947.12
525.19	1759.26	1943.66
525.833	1758.72	1939.41
526.476	1759.87	1936.31
527.119	1761.23	1934.97
527.762	1761.72	1934.57
528.404	1761.97	1934.05
529.047	1762.22	1934.08
529.69	1761.95	1934.95
530.333	1760.61	1936.37
530.976	1757.66	1937.8
531.619	1753.02	1938.09
532.261	1747.86	1935.91
532.904	1743.97	1931.36
533.547	1742.63	1925.68
534.19	1744.33	1920.75
534.833	1747.67	1918.82
535.475	1749.82	1920.34
536.118	1748.72	1923.2
536.761	1744.93	1924.43
537.404	1740.97	1922.86
538.047	1738.19	1920
538.69	1736.44	1916.85
539.332	1735.82	1913.49
539.975	1736.57	1910.55
540.618	1738.65	1909.09
541.261	1739.94	1910.44
541.904	1738.58	1912.85
542.547	1735.03	1913.9
543.189	1730.93	1912.77
543.832	1727.56	1909.89
544.475	1725.31	1905.98
545.118	1725.55	1901.24
545.761	1728.33	1898.31
546.404	1731.36	1898.94
547.046	1731.1	1902.39
547.689	1726.88	1904.38
548.332	1721.89	1902
548.975	1720.29	1896.36
549.618	1722.91	1891.81
550.261	1727.05	1891.16
550.903	1729.61	1893.9
551.546	1729.08	1897.72
552.189	1726.32	1900.16
552.832	1723.32	1900.63
553.475	1721.48	1900.37
554.117	1719.75	1901.2
554.76	1716.83	1902.48
555.403	1712.83	1902.93
556.046	1708.13	1902.22
556.689	1703.23	1899.83
557.332	1698.95	1895.42
557.974	1697.12	1888.92
558.617	1699.27	1882.44
559.26	1704.06	1879.11
559.903	1709.09	1879.48
560.546	1712.33	1882.8
561.189	1712.94	1887.37
561.831	1710.33	1891.86
562.474	1705.23	1893.77
563.117	1700.64	1891.55
563.76	1700.66	1886.81
564.403	1705.6	1885.1
565.046	1710.86	1890.22
565.688	1710.24	1900.61
566.331	1701.71	1909.54
566.974	1689.51	1911.28
567.617	1680.33	1905.74
568.26	1677.87	1898.12
568.903	1680.49	1894.25
569.545	1682.77	1896.33
570.188	1681.2	1901
570.831	1676.39	1904.45
571.474	1670.79	1905.67
572.117	1665.5	1906
572.76	1659.85	1906.36
573.402	1652.67	1906.11
574.045	1644.85	1903.18
574.688	1638.36	1897.41
575.331	1635.18	1889.95
575.974	1635.47	1883.43
576.616	1637.95	1879.62
577.259	1640.69	1879.21
577.902	1641.48	1881.74
578.545	1639.13	1885.07
579.188	1635.17	1887.01
579.831	1630.42	1888.49
580.473	1624.31	1889.7
581.116	1616.11	1889.7
581.759	1606.75	1886.5
582.402	1598.61	1879.49
583.045	1593.79	1869.94
583.688	1593.31	1860.22
584.33	1595.93	1853.02
584.973	1599.89	1849
585.616	1603.17	1848.24
586.259	1604.73	1849.44
586.902	1603.86	1851.71
587.545	1600.53	1853.6
588.187	1594.49	1853.98
588.83	1588.14	1850.28
589.473	1585.26	1843.71
590.116	1585.85	1838.63
590.759	1587.36	1836.92
591.402	1586.36	1838.13
592.044	1581.71	1838.74
592.687	1575.16	1835.88
593.33	1570.46	1828.85
593.973	1570.12	1820.5
594.616	1573.6	1814.54
595.258	1577.97	1813.05
595.901	1579.51	1815.38
596.544	1576.7	1817.92
597.187	1571.41	1817.44
597.83	1566.86	1813.61
598.473	1564.3	1808.8
599.115	1562.64	1804.5
599.758	1561.57	1800.08
600.401	1561.21	1795.83
601.044	1561.33	1792.09
601.687	1561.28	1788.95
602.33	1560.9	1785.65
602.972	1561.1	1781.76
603.615	1562.09	1778.3
604.258	1562.93	1775.68
604.901	1563.07	1772.91
605.544	1564.55	1768.84
606.187	1567.8	1766.17
606.829	1570.59	1766.16
607.472	1571.2	1767.25
608.115	1569.97	1767.38
608.758	1568.38	1765.74
609.401	1567.98	1762.94
610.044	1568.26	1760.73
610.686	1568.62	1758.78
611.329	1568.64	1756.89
611.972	1568.87	1754.22
612.615	1570.39	1751.12
613.258	1573.14	1749.1
613.9	1575.77	1748.78
614.543	1577.47	1749.31
615.186	1578.51	1749.94
615.829	1578.64	1750.77
617.115	1576.73	1750.87
619.043	1575.89	1746.32
620.972	1578.48	1741.13
622.9	1585.82	1737.47
624.829	1597.36	1740.44
626.757	1603.81	1754.96
628.686	1597.96	1772.48
630.614	1584.99	1782.75
632.543	1571.09	1787.43
634.471	1555.3	1789.56
636.399	1540.2	1785.86
638.328	1528.79	1779.46
640.256	1518.17	1774.11
642.185	1507.43	1767.12
644.113	1497.49	1758.19
646.042	1487.82	1747.31
647.97	1481.2	1732.12
649.899	1482.86	1715.29
651.827	1489.69	1705.39
653.756	1494.34	1702.55
655.684	1494.46	1700.75
657.613	1494.17	1696.09
659.541	1496.24	1691.89
661.47	1496.12	1691.4
663.398	1492.31	1688.76
665.327	1491.87	1680.46
667.255	1497.63	1673.87
669.184	1505.51	1673.95
671.112	1510.06	1680.28
673.041	1508.02	1688.84
674.969	1499.95	1694.42
676.898	1490.78	1693.91
678.826	1484.21	1689.93
680.755	1480.24	1685.74
682.683	1477.83	1682.41
684.612	1475.24	1680.35
686.54	1472.69	1677.93
688.469	1471.54	1675.87
690.397	1469.11	1676.45
692.325	1464.15	1676.42
694.254	1459.58	1673.85
696.182	1455.98	1671.41
698.111	1452.16	1669.43
700.039	1448.09	1666.91
701.968	1444.43	1663.85
703.896	1440.81	1660.81
705.825	1437.47	1656.97
707.753	1436.26	1652.6
709.682	1436.08	1650.71
711.61	1433.89	1651.1
713.539	1428.86	1650.48
715.467	1424.49	1646.46
717.396	1422.98	1641.97
719.324	1422.72	1639.85
721.253	1421.39	1639.75
723.181	1418.62	1639.96
725.11	1414.59	1640
727.038	1408.83	1639.24
728.967	1403.38	1635.88
730.895	1399.56	1631.77
732.824	1396.15	1628.26
734.752	1393.09	1624.23
736.681	1391.39	1619.9
738.609	1390.95	1616.82
740.538	1389.64	1615.77
742.466	1386.26	1614.46
744.395	1383.99	1610.55
746.323	1384.62	1607.39
748.252	1386.13	1608.09
750.18	1383.71	1612.79
752.109	1375.15	1616.13
754.037	1365.65	1613.01
755.965	1359.19	1606.67
757.894	1354.6	1600.21
759.822	1352.74	1592.56
761.751	1354.44	1586.13
763.679	1357.98	1583.51
765.608	1360.25	1585.14
767.536	1358.93	1589.04
769.465	1353.66	1592.42
771.393	1345.43	1593.01
773.322	1337.23	1589.11
775.25	1333.33	1582.42
777.179	1331.81	1578.65
779.107	1328	1577.11
781.036	1323.71	1572.93
782.964	1321.32	1567.85
784.893	1319.99	1563.92
786.821	1318.9	1560.79
788.75	1317.98	1558.27
790.678	1317.58	1556.7
792.607	1315.84	1557.49
794.535	1309.96	1558.65
796.464	1301.68	1555.25
798.392	1297.68	1546.72
800.321	1298.46	1540.38
802.249	1297.62	1538.42
804.178	1296.14	1534.66
806.106	1296.87	1531.08
808.034	1296.49	1530.99
809.963	1292.85	1530.77
811.891	1288.78	1527.28
813.82	1287.25	1522.28
815.748	1286.91	1518.92
817.677	1286.85	1516.36
819.605	1287.12	1514.77
821.534	1286.51	1514.85
823.462	1283.57	1515.31
825.391	1279.59	1513.76
827.319	1276.74	1510.68
829.248	1274.52	1508.13
831.176	1272.2	1505.68
833.105	1270.13	1502.91
835.033	1267.96	1500.25
836.962	1265.95	1496.92
838.89	1265.32	1492.89
840.819	1267.37	1489.96
842.747	1269.09	1491.5
844.676	1265.68	1495.51
846.604	1258.85	1495.72
848.533	1253.01	1491.96
850.461	1249.27	1487.34
852.39	1245.97	1483.13
854.318	1242.61	1477.72
856.247	1242.18	1470.09
858.175	1245.89	1464.02
860.104	1251.1	1462.71
862.032	1253.38	1465.99
863.96	1250.19	1469.66
865.889	1245.18	1468.62
867.817	1243.43	1464.66
869.746	1243.72	1463.18
871.674	1242.07	1464.04
873.603	1239	1463.51
875.531	1236.45	1461.97
877.46	1233.56	1461.1
879.388	1228.79	1459.54
881.317	1224.7	1454.39
883.245	1225.33	1447.75
885.174	1228.3	1445.31
887.102	1229.22	1446.33
889.031	1227.81	1446.99
890.959	1226.61	1446.37
892.888	1225.7	1446.89
894.816	1221.87	1448.67
896.745	1216.75	1447.15
898.673	1214.24	1443.23
900.602	1213.58	1441.1
902.53	1211.89	1440.86
904.459	1209.03	1440.07
906.387	1206.34	1438.4
908.316	1203.49	1436.91
910.244	1200.2	1434.75
912.173	1197.99	1431.31
914.101	1197.56	1428.37
916.03	1197.51	1427.57
917.958	1195.28	1428.47
919.887	1190.92	1427.97
921.815	1187.13	1425.09
923.743	1184.44	1422.04
925.672	1181.59	1419.18
927.6	1179.44	1415.13
929.529	1179.25	1411.07
931.457	1179.62	1408.93
933.386	1179.19	1407.92
935.314	1178.17	1406.96
937.243	1176.13	1406.05
939.171	1174.31	1403.82
941.1	1174.1	1401.63
943.028	1173.55	1401.59
944.957	1170.98	1401.93
946.885	1168	1400.58
948.814	1165.58	1398.77
950.742	1162.85	1397.17
952.671	1160.11	1394.66
954.599	1158.47	1391.51
956.528	1157.44	1389.12
958.456	1156.34	1387.21
960.385	1155.18	1385.39
962.313	1154.02	1383.57
964.242	1153.52	1381.77
966.17	1153.39	1381.19
968.099	1151.51	1382.11
970.027	1147.9	1381.99
971.956	1144	1380.17
973.884	1140.36	1377.12
975.813	1138.38	1372.69
977.741	1138.88	1368.88
979.669	1139.47	1367.87
981.598	1138.19	1367.98
983.526	1135.58	1367.05
985.455	1133.33	1364.72
987.383	1132.31	1362.27
989.312	1131.27	1361.03
991.24	1129.26	1359.95
993.169	1127.04	1357.89
995.097	1125.52	1355.28
997.026	1124.5	1352.97
998.954	1123.54	1350.82
1000.88	1123.22	1348.46
1002.81	1124.15	1346.84
1004.74	1124.55	1347.55
1006.67	1122.8	1349.14
1008.6	1119.33	1349.7
1010.53	1115.2	1348.65
1012.45	1111.37	1346.08
1014.38	1108.56	1342.35
1016.31	1107.53	1338.17
1018.24	1108.37	1335
1020.17	1109.41	1334.31
1022.1	1108.08	1335.27
1024.03	1104.83	1334.59
1025.95	1102.83	1331.62
1027.88	1102.21	1329.36
1029.81	1101.35	1328.12
1031.74	1100.43	1326.74
1033.67	1099.53	1325.72
1035.6	1098.1	1324.95
1037.52	1096.81	1323.69
1039.45	1095.9	1322.89
1041.38	1093.78	1322.97
1043.31	1090.92	1321.79
1045.24	1088.77	1319.55
1047.17	1087.4	1317.44
1049.1	1086.59	1315.78
1051.02	1085.66	1314.96
1052.95	1084.02	1314.5
1054.88	1081.83	1313.71
1056.81	1079.67	1312.48
1058.74	1077.39	1311.28
1060.67	1074.61	1309.77
1062.59	1072.16	1307.23
1064.52	1070.77	1304.45
1066.45	1069.96	1302.47
1068.38	1068.57	1301.25
1070.31	1066.65	1299.59
1072.24	1065.3	1297.29
1074.17	1064.29	1295.54
1076.09	1062.69	1294.08
1078.02	1061.52	1291.8
1079.95	1061.1	1289.96
1081.88	1060.43	1289.08
1083.81	1059.41	1288.42
1085.74	1057.35	1288.09
1087.67	1054.29	1286.61
1089.59	1052.89	1283.23
1091.52	1053.53	1281.2
1093.45	1052.67	1281.92
1095.38	1049.66	1281.86
1097.31	1046.74	1279.81
1099.24	1044.48	1277.3
1101.16	1042.9	1274.47
1103.09	1042.36	1271.76
1105.02	1042.25	1270.16
1106.95	1041.07	1269.49
1108.88	1039.47	1267.94
1110.81	1038.51	1266.04
1112.74	1037.8	1264.82
1114.66	1036.63	1264.15
1116.59	1034.36	1263.44
1118.52	1031.97	1261.4
1120.45	1030.78	1258.75
1122.38	1029.89	1257
1124.31	1028.73	1255.42
1126.23	1027.55	1253.61
1128.16	1027.07	1251.72
1130.09	1026.54	1250.92
1132.02	1024.5	1250.54
1133.95	1022.27	1248.5
1135.88	1021.18	1245.85
1137.81	1020.88	1243.88
1139.73	1020.34	1242.78
1141.66	1019.34	1241.71
1143.59	1018.51	1240.44
1145.52	1017.62	1239.64
1147.45	1016.23	1239.13
1149.38	1014.02	1238.41
1151.3	1011.64	1236.69
1153.23	1010.02	1234.34
1155.16	1008.6	1232.31
1157.09	1007.65	1229.98
1159.02	1007.27	1228.1
1160.95	1006.44	1227.03
1162.88	1004.87	1225.62
1164.8	1004.22	1223.19
1166.73	1004.59	1221.79
1168.66	1003.61	1222.01
1170.59	1001.54	1221.16
1172.52	1000.17	1219.28
1174.45	998.978	1218
1176.38	997.621	1216.72
1178.3	995.809	1215.35
1180.23	994.055	1213.14
1182.16	993.16	1210.41
1184.09	993.384	1208.09
1186.02	993.921	1207.1
1187.95	993.122	1207.22
1189.87	991.58	1206.4
1191.8	990.642	1205
1193.73	989.886	1204.37
1195.66	987.985	1204.28
1197.59	985.324	1203.05
1199.52	983.511	1200.64
1201.45	982.178	1198.62
1203.37	980.982	1196.6
1205.3	979.98	1194.51
1207.23	979.504	1192.47
1209.16	979.146	1191.15
1211.09	977.637	1190.25
1213.02	976.345	1187.91
1214.94	976.415	1185.57
1216.87	976.38	1184.74
1218.8	975.173	1184.12
1220.73	973.738	1182.35
1222.66	973.777	1180.01
1224.59	974.04	1179.37
1226.52	972.98	1179.38
1228.44	971.461	1178.48
1230.37	969.705	1177.25
1232.3	968.147	1175.23
1234.23	967.293	1172.74
1236.16	967.797	1170.35
1238.09	968.855	1169.57
1240.02	968.706	1170.3
1241.94	967.012	1170.82
1243.87	964.529	1170.22
1245.8	962.296	1168.43
1247.73	960.939	1166.1
1249.66	960.298	1164.03
1251.59	959.902	1162.47
1253.51	959.394	1161.29
1255.44	958.744	1160.29
1257.37	957.427	1159.41
1259.3	956.05	1157.62
1261.23	955.759	1155.35
1263.16	956.266	1154.09
1265.09	955.973	1154.18
1267.01	954.157	1154.05
1268.94	952.435	1152.32
1270.87	951.793	1150.29
1272.8	951.246	1149.01
1274.73	950.759	1147.6
1276.66	950.736	1146.38
1278.58	950.529	1146
1280.51	949.474	1145.89
1282.44	948.001	1145.18
1284.37	946.603	1143.99
1286.3	945.526	1142.58
1288.23	944.994	1141.32
1290.16	943.832	1140.87
1292.08	941.603	1139.7
1294.01	940.543	1136.68
1295.94	941.577	1134.26
1297.87	942.522	1134.23
1299.8	941.704	1135.01
1301.73	940.089	1134.71
1303.66	938.757	1133.82
1305.58	937.318	1133.12
1307.51	935.667	1132.12
1309.44	933.796	1130.64
1311.37	932.824	1128.3
1313.3	932.755	1126.58
1315.23	932.166	1125.81
1317.15	931.566	1124.53
1319.08	931.484	1123.57
1321.01	930.699	1123.58
1322.94	928.906	1123.15
1324.87	927.285	1121.59
1326.8	926.509	1119.8
1328.73	926.015	1118.59
1330.65	925.491	1117.69
1332.58	924.72	1117.14
1334.51	923.114	1116.64
1336.44	921.252	1115.1
1338.37	920.495	1112.68
1340.3	921.176	1111.06
1342.22	920.944	1111.47
1344.15	918.901	1111.52
1346.08	917.217	1109.76
1348.01	916.434	1108.15
1349.94	915.394	1107.19
1351.87	913.84	1105.75
1353.8	913.195	1103.35
1355.72	913.714	1101.66
1357.65	913.636	1101.44
1359.58	912.799	1101
1361.51	912.048	1100.22
1363.44	911.147	1099.82
1365.37	909.404	1099.46
1367.3	907.285	1098.08
1369.22	905.883	1095.72
1371.15	905.411	1093.38
1373.08	905.72	1091.51
1375.01	906.092	1090.63
1376.94	905.954	1090.29
1378.87	905.407	1090.03
1380.79	904.157	1089.8
1382.72	902.711	1088.83
1384.65	901.602	1087.45
1386.58	900.871	1086.06
1388.51	900.496	1084.89
1390.44	899.971	1084.25
1392.37	899.1	1083.7
1394.29	897.806	1083.05
1396.22	896.288	1081.89
1398.15	895.408	1080.11
1400.08	895.224	1078.83
1402.01	894.482	1078.52
1403.94	892.656	1077.85
1405.86	891.167	1075.79
1407.79	890.99	1073.61
1409.72	890.852	1072.67
1411.65	889.811	1071.87
1413.58	888.912	1070.03
1415.51	889.349	1068.09
1417.44	889.684	1067.75
1419.36	888.819	1067.65
1421.29	887.957	1066.52
1423.22	887.759	1065.4
1425.15	887.738	1065.07
1427.08	886.761	1065.5
1429.01	884.414	1065.33
1430.93	882.287	1063.36
1432.86	881.587	1060.76
1434.79	881.855	1058.98
1436.72	882.097	1058.21
1438.65	881.705	1057.95
1440.58	880.545	1057.53
1442.51	879.288	1056.3
1444.43	878.573	1054.68
1446.36	878.296	1053.24
1448.29	878.369	1052.09
1450.22	878.528	1051.58
1452.15	877.852	1051.66
1454.08	876.741	1051.11
1456.01	875.876	1050.2
1457.93	875.006	1049.51
1459.86	873.86	1048.72
1461.79	872.83	1047.49
1463.72	872.076	1046.22
1465.65	871.296	1045
1467.58	870.942	1043.47
1469.5	871.236	1042.33
1471.43	871.43	1042.2
1473.36	870.677	1042.65
1475.29	868.683	1042.64
1477.22	866.751	1041.09
1479.15	865.975	1038.89
1481.08	866.205	1037.29
1483	866.421	1036.82
1484.93	865.643	1036.89
1486.86	864.238	1036.23
1488.79	863.426	1034.79
1490.72	863.053	1033.83
1492.65	862.24	1033.31
1494.57	861.215	1032.31
1496.5	860.746	1031.02
1498.43	860.424	1030.37
1500.36	859.391	1030.07
1502.29	858.005	1029.06
1504.22	857.107	1027.45
1506.15	856.858	1026.01
1508.07	856.505	1025.21
1510	855.814	1024.35
1511.93	855.291	1023.17
1513.86	854.859	1022.12
1515.79	854.64	1020.99
1517.72	854.837	1020.11
1519.65	854.911	1019.98
1521.57	854.179	1020.2
1523.5	853.051	1019.83
1525.43	852.093	1019.08
1527.36	851.301	1018.37
1529.29	850.544	1017.74
1531.22	849.735	1017.22
1533.14	848.562	1016.75
1535.07	847.437	1015.83
1537	846.607	1014.95
1538.93	845.238	1014.43
1540.86	843.627	1013.08
1542.79	842.934	1011.07
1544.72	842.691	1009.74
1546.64	842.312	1008.74
1548.57	842.055	1007.74
1550.5	841.579	1007.15
1552.43	840.526	1006.41
1554.36	839.982	1004.84
1556.29	840.174	1003.72
1558.21	839.991	1003.5
1560.14	839.26	1003.16
1562.07	838.65	1002.48
1564	837.938	1002.15
1565.93	836.55	1001.8
1567.86	835.102	1000.56
1569.79	834.296	998.849
1571.71	834.193	997.366
1573.64	834.259	996.575
1575.57	833.798	996.256
1577.5	833.021	995.617
1579.43	832.537	994.761
1581.36	831.855	994.374
1583.29	830.536	993.801
1585.21	829.435	992.316
1587.14	829.204	990.708
1589.07	829.107	989.828
1591	828.853	989.115
1592.93	828.485	988.463
1594.86	828.116	987.81
1596.78	827.781	987.308
1598.71	827.117	987.058
1600.64	826.025	986.553
1602.57	825.229	985.453
1604.5	824.951	984.537
1606.43	824.419	984.236
1608.36	823.285	983.765
1610.28	822.582	982.596
1612.21	822.024	981.896
1614.14	821.105	981.235
1616.07	820.31	980.078
1618	819.961	978.871
1619.93	819.987	978.017
1621.85	819.945	977.816
1623.78	819.001	978.023
1625.71	817.541	977.415
1627.64	816.83	976.059
1629.57	816.496	975.37
1631.5	815.582	975.086
1633.43	814.469	974.243
1635.35	813.517	973.121
1637.28	812.933	971.847
1639.21	812.695	970.782
1641.14	812.53	970.135
1643.07	811.925	969.846
1645	811.01	969.247
1646.93	810.197	968.337
1648.85	809.561	967.409
1650.78	808.813	966.539
1652.71	808.364	965.294
1654.64	808.658	964.312
1656.57	808.605	964.473
1658.5	807.459	964.716
1660.42	806.012	963.98
1662.35	805.177	962.691
1664.28	804.653	961.712
1666.21	804.317	960.847
1668.14	804.091	960.353
1670.07	803.294	960.308
1672	801.982	959.83
1673.92	800.805	958.704
1675.85	800.091	957.372
1677.78	799.85	956.206
1679.71	799.762	955.555
1681.64	799.249	955.372
1683.57	798.25	955.018
1685.49	797.269	954.252
1687.42	796.277	953.48
1689.35	795.146	952.502
1691.28	794.216	951.05
1693.21	794.004	949.435
1695.14	794.241	948.449
1697.07	794.08	948.177
1698.99	793.319	947.784
1700.92	792.745	946.849
1702.85	792.463	946.149
1704.78	791.798	945.812
1706.71	790.926	945.054
1708.64	790.443	943.999
1710.57	790.112	943.273
1712.49	789.789	942.669
1714.42	789.434	942.281
1716.35	788.669	942.115
1718.28	787.509	941.595
1720.21	786.661	940.501
1722.14	786.221	939.535
1724.06	785.858	938.908
1725.99	785.275	938.499
1727.92	784.412	938.037
1729.85	783.409	937.316
1731.78	782.46	936.279
1733.71	782.025	934.974
1735.64	782.129	934.11
1737.56	781.854	934.115
1739.49	780.605	934.111
1741.42	779.113	933.094
1743.35	778.48	931.388
1745.28	778.615	930.205
1747.21	778.64	929.873
1749.13	778.099	929.83
1751.06	777.025	929.58
1752.99	775.801	928.781
1754.92	774.983	927.543
1756.85	774.613	926.462
1758.78	774.193	925.807
1760.71	773.511	925.164
1762.63	772.812	924.286
1764.56	772.347	923.322
1766.49	771.924	922.555
1768.42	771.565	921.826
1770.35	771.198	921.318
1772.28	770.403	921.001
1774.2	769.333	920.238
1776.13	768.623	918.964
1778.06	768.588	917.818
1779.99	768.38	917.462
1781.92	767.545	917.064
1783.85	766.896	915.998
1785.78	766.833	915.064
1787.7	766.522	914.814
1789.63	765.75	914.397
1791.56	765.376	913.555
1793.49	764.999	913.319
1795.42	763.887	913.194
1797.35	762.748	912.222
1799.28	762.241	911.026
1801.2	761.792	910.306
1803.13	761.3	909.561
1805.06	760.899	908.871
1806.99	760.286	908.382
1808.92	759.543	907.651
1810.85	759.06	906.695
1812.77	758.92	905.945
1814.7	758.626	905.703
1816.63	757.86	905.557
1818.56	756.844	905.042
1820.49	756.082	904.191
1822.42	755.481	903.545
1824.35	754.604	903.057
1826.27	753.647	902.25
1828.2	752.763	901.272
1830.13	751.956	900.125
1832.06	751.639	898.74
1833.99	751.718	897.755
1835.92	751.773	897.294
1837.84	751.468	897.15
1839.77	750.838	896.971
1841.7	749.948	896.687
1843.63	748.869	896.181
1845.56	747.687	895.345
1847.49	746.705	894.046
1849.42	746.514	892.537
1851.34	746.714	891.797
1853.27	746.268	891.724
1855.2	745.449	891.214
1857.13	744.735	890.452
1859.06	743.938	889.692
1860.99	743.452	888.594
1862.92	743.454	887.792
1864.84	743.101	887.773
1866.77	741.874	887.696
1868.7	740.436	886.705
1870.63	739.628	885.104
1872.56	739.493	883.704
1874.49	739.508	882.865
1876.41	739.25	882.329
1878.34	738.898	881.685
1880.27	738.591	881.121
1882.2	737.987	880.74
1884.13	737.24	880.014
1886.06	736.939	879.042
1887.99	736.853	878.612
1889.91	736.065	878.685
1891.84	734.603	878.144
1893.77	733.595	876.594
1895.7	733.502	875.035
1897.63	733.898	874.233
1899.56	733.739	874.323
1901.48	732.586	874.274
1903.41	731.225	873.179
1905.34	730.734	871.341
1907.27	731.357	869.922
1909.2	731.868	869.804
1911.13	731.493	870.066
1913.06	730.711	869.83
1914.98	729.972	869.316
1916.91	729.183	868.771
1918.84	728.368	868.009
1920.77	727.756	867.017
1922.7	727.462	866.017
1924.63	727.526	865.283
1926.56	727.504	865.199
1928.48	726.534	865.496
1930.41	724.997	864.9
1932.34	724.023	863.392
1934.27	723.849	861.972
1936.2	723.984	861.137
1938.13	723.894	860.813
1940.05	723.298	860.582
1941.98	722.378	859.909
1943.91	721.993	858.617
1945.84	722.481	857.703
1947.77	722.714	858.018
1949.7	721.766	858.66
1951.63	720.074	858.408
1953.55	718.751	857.096
1955.48	718.354	855.606
1957.41	718.117	854.754
1959.34	717.918	853.927
1961.27	718.026	853.332
1963.2	717.731	853.473
1965.12	716.519	853.55
1967.05	715.021	852.672
1968.98	714.192	851.03
1970.91	714.284	849.558
1972.84	714.495	848.934
1974.77	714.367	848.639
1976.7	713.983	848.336
1978.62	713.434	847.982
1980.55	712.791	847.523
1982.48	712.127	846.954
1984.41	711.583	846.313
1986.34	710.964	845.82
1988.27	710.208	845.244
1990.19	709.396	844.489
1992.12	708.72	843.531
1994.05	708.226	842.539
1995.98	707.885	841.593
1997.91	707.678	840.729
1999.84	707.454	839.999
2001.77	707.465	839.22
2003.69	707.798	838.872
2005.62	707.534	839.351
2007.55	706.364	839.618
2009.48	705.087	839.059
2011.41	704.282	838.263
2013.34	703.126	837.869
2015.27	701.484	836.802
2017.19	700.626	834.613
2019.12	701.105	832.58
2021.05	702.238	831.782
2022.98	702.537	832.308
2024.91	701.557	832.674
2026.84	700.426	831.921
2028.76	699.997	830.75
2030.69	700.093	830.082
2032.62	699.755	830.177
2034.55	698.461	830.115
2036.48	697.197	828.908
2038.41	696.932	827.286
2040.34	697.246	826.431
2042.26	697.052	826.378
2044.19	696.127	826.071
2046.12	695.382	824.951
2048.05	695.431	823.757
2049.98	695.767	823.379
2051.91	695.347	823.694
2053.83	694.196	823.525
2055.76	693.417	822.571
2057.69	692.923	821.926
2059.62	692.077	821.478
2061.55	691.059	820.564
2063.48	690.448	819.212
2065.41	690.188	817.983
2067.33	690.241	816.853
2069.26	690.629	816.06
2071.19	690.921	815.934
2073.12	690.537	816.171
2075.05	689.636	816.01
2076.98	688.926	815.329
2078.91	688.331	814.763
2080.83	687.605	814.163
2082.76	687.112	813.298
2084.69	686.719	812.673
2086.62	686.188	812.145
2088.55	685.548	811.507
2090.48	684.982	810.736
2092.4	684.46	809.991
2094.33	683.81	809.215
2096.26	683.37	808.12
2098.19	683.312	807.124
2100.12	683.222	806.508
2102.05	683.084	805.907
2103.97	682.944	805.395
2105.9	682.839	804.992
2107.83	682.659	804.854
2109.76	681.988	804.95
2111.69	680.781	804.682
2113.62	679.505	803.623
2115.55	679.225	801.889
2117.48	679.911	800.908
2119.4	680.019	801.246
2121.33	679.092	801.449
2123.26	678.027	800.781
2125.19	677.529	799.796
2127.12	677.204	799.265
2129.05	676.546	798.969
2130.97	675.397	798.423
2132.9	674.38	797.087
2134.83	674.333	795.426
2136.76	674.707	794.623
2138.69	674.509	794.386
2140.62	674.213	793.703
2142.54	674.405	793.095
2144.47	674.361	793.38
2146.4	673.062	793.906
2148.33	671.086	793.164
2150.26	669.924	791.107
2152.19	669.954	789.042
2154.12	670.802	787.681
2156.04	671.676	787.398
2157.97	671.8	787.821
2159.9	670.912	788.07
2161.83	670.037	787.305
2163.76	669.946	786.369
2165.69	669.783	786.238
2167.62	668.934	786.124
2169.54	668.049	785.268
2171.47	667.829	784.132
2173.4	667.935	783.57
2175.33	667.695	783.52
2177.26	666.886	783.385
2179.19	666.087	782.666
2181.12	665.79	781.867
2183.04	665.373	781.668
2184.97	664.19	781.475
2186.9	662.879	780.325
2188.83	662.358	778.561
2190.76	662.615	777.139
2192.69	663.16	776.429
2194.61	663.307	776.439
2196.54	662.584	776.516
2198.47	661.631	775.751
2200.4	661.457	774.496
2202.33	661.587	773.918
2204.26	661.449	773.718
2206.19	661.023	773.555
2208.11	660.16	773.34
2210.04	659.035	772.556
2211.97	658.603	771.074
2213.9	658.897	770.064
2215.83	658.861	769.884
2217.76	658.295	769.556
2219.68	657.856	768.771
2221.61	657.662	768.09
2223.54	657.434	767.635
2225.47	657.089	767.232
2227.4	656.596	766.825
2229.33	656.032	766.294
2231.26	655.476	765.647
2233.18	655.065	764.922
2235.11	654.7	764.348
2237.04	654.102	763.878
2238.97	653.298	763.126
2240.9	652.69	761.926
2242.83	652.778	760.615
2244.75	653.036	760.007
2246.68	652.813	759.72
2248.61	652.456	759.034
2250.54	652.458	758.199
2252.47	652.882	757.771
2254.4	652.766	758.226
2256.33	651.491	758.521
2258.25	650.21	757.532
2260.18	649.678	756.149
2262.11	649.631	755.092
2264.04	649.61	754.408
2265.97	649.461	753.849
2267.9	649.262	753.26
2269.83	649.168	752.695
2271.75	648.934	752.363
2273.68	648.478	751.942
2275.61	648.165	751.289
2277.54	647.857	750.837
2279.47	647.274	750.341
2281.4	646.948	749.409
2283.32	647.071	748.698
2285.25	646.925	748.575
2287.18	646.35	748.321
2289.11	645.887	747.702
2291.04	645.431	747.243
2292.97	644.671	746.723
2294.9	643.996	745.67
2296.82	643.837	744.414
2298.75	644.026	743.439
2300.68	644.455	742.76
2302.61	644.826	742.588
2304.54	644.824	742.742
2306.47	644.387	742.878
2308.39	643.72	742.763
2310.32	643.028	742.44
2312.25	642.204	742.039
2314.18	641.34	741.306
2316.11	640.709	740.248
2318.04	640.485	739.082
2319.97	640.683	738.086
2321.89	641.258	737.538
2323.82	641.667	737.85
2325.75	640.95	738.698
2327.68	639.28	738.724
2329.61	637.845	737.507
2331.54	637.247	735.865
2333.47	637.428	734.487
2335.39	637.75	733.8
2337.32	637.881	733.457
2339.25	637.67	733.259
2341.18	637.166	732.854
2343.11	636.974	732.062
2345.04	637.17	731.608
2346.96	636.984	731.801
2348.89	636.047	731.862
2350.82	635.122	731.138
2352.75	634.557	730.246
2354.68	634.065	729.434
2356.61	633.84	728.44
2358.54	633.95	727.678
2360.46	633.99	727.4
2362.39	633.528	727.319
2364.32	632.65	726.811
2366.25	632.269	725.621
2368.18	632.522	724.759
2370.11	632.604	724.618
2372.03	632.254	724.563
2373.96	631.56	724.348
2375.89	630.649	723.784
2377.82	629.837	722.684
2379.75	629.782	721.174
2381.68	630.578	720.226
2383.61	630.991	720.495
2385.53	630.422	720.867
2387.46	629.509	720.525
2389.39	628.845	719.737
2391.32	628.421	718.94
2393.25	628.071	718.15
2395.18	628.013	717.271
2397.1	628.288	716.766
2399.03	627.901	716.944
2400.96	626.786	716.485
2402.89	626.415	714.921
2404.82	627.239	713.824
2406.75	627.839	714.233
2408.68	626.976	715.047
2410.6	625.438	714.6
2412.53	624.654	713.097
2414.46	624.679	711.841
2416.39	624.819	711.121
2418.32	624.874	710.536
2420.25	625.103	710.012
2422.18	625.224	709.968
2424.1	624.692	710.094
2426.03	624.092	709.605
2427.96	623.812	709.082
2429.89	623.077	708.911
2431.82	622.109	707.996
2433.75	622.04	706.45
2435.67	622.623	705.633
2437.6	622.707	705.604
2439.53	622.546	705.222
2441.46	622.733	704.859
2443.39	622.34	705.202
2445.32	621.195	704.976
2447.25	620.56	703.687
2449.17	620.791	702.571
2451.1	621.084	702.199
2453.03	621.092	702.021
2454.96	621.045	701.812
2456.89	620.875	701.816
2458.82	620.128	701.884
2460.74	619.295	701.196
2462.67	619.375	700.142
2464.6	619.747	700.133
2466.53	618.961	700.846
2468.46	617.214	700.52
2470.39	616.204	698.712
2472.32	616.578	696.955
2474.24	617.394	696.324
2476.17	617.805	696.443
2478.1	617.64	696.728
2480.03	616.851	696.836
2481.96	615.927	696.204
2483.89	615.787	695.038
2485.82	616.388	694.533
2487.74	616.368	695.174
2489.67	615.24	695.611
2491.6	614.072	695.014
2493.53	613.278	694.211
2495.46	612.428	693.444
2497.39	611.71	692.2
2499.31	611.823	690.705
2501.24	612.336	690.02
2503.17	612.306	689.995
2505.1	611.543	689.662
2507.03	611.054	688.35
2508.96	611.7	686.888
2510.89	613.009	686.547
2512.81	613.622	687.53
2514.74	612.922	688.675
2516.67	611.338	688.979
2518.6	609.801	688.141
2520.53	609.083	686.669
2522.46	609.021	685.467
2524.39	609.164	684.653
2526.31	609.432	684.114
2528.24	609.43	684.002
2530.17	609.004	683.79
2532.1	608.813	683.131
2534.03	609.018	682.796
2535.96	608.618	683.139
2537.88	607.513	682.952
2539.81	606.774	681.819
2541.74	606.887	680.693
2543.67	607.183	680.342
2545.6	606.927	680.393
2547.53	606.239	680.032
2549.46	606.004	679.085
2551.38	606.302	678.503
2553.31	606.384	678.605
2555.24	605.902	678.763
2557.17	605.275	678.504
2559.1	604.95	678.145
2561.03	604.299	678.273
2562.95	602.864	678.094
2564.88	601.627	676.755
2566.81	601.27	675.081
2568.74	601.431	673.8
2570.67	601.966	672.828
2572.6	602.545	672.509
2574.53	602.59	672.655
2576.45	602.132	672.556
2578.38	601.868	672.002
2580.31	601.802	671.691
2582.24	601.404	671.69
2584.17	600.529	671.424
2586.1	599.651	670.464
2588.02	599.487	669.015
2589.95	600.085	667.924
2591.88	600.868	667.656
2593.81	601.131	668.052
2595.74	600.635	668.39
2597.67	600.12	668.094
2599.6	599.811	667.814
2601.52	599.315	667.691
2603.45	598.891	667.314
2605.38	598.452	667.157
2607.31	597.383	667.042
2609.24	596.29	665.935
2611.17	596.329	664.319
2613.1	596.885	663.706
2615.02	596.875	663.817
2616.95	596.151	663.665
2618.88	595.509	662.716
2620.81	595.564	661.507
2622.74	596.149	660.751
2624.67	596.883	660.69
2626.59	596.878	661.384
2628.52	595.977	661.716
2630.45	595.267	661.118
2632.38	595.173	660.603
2634.31	594.591	660.752
2636.24	593.534	660.22
2638.17	593.468	658.887
2640.09	593.893	658.595
2642.02	593.424	658.996
2643.95	592.517	658.611
2645.88	592.167	657.733
2647.81	592.028	657.356
2649.74	591.445	657.212
2651.66	590.687	656.589
2653.59	590.156	655.614
2655.52	590.192	654.542
2657.45	590.544	654.024
2659.38	590.342	654.058
2661.31	589.942	653.634
2663.24	589.732	653.156
2665.16	589.183	652.904
2667.09	588.534	652.06
2669.02	588.615	650.799
2670.95	589.319	650.163
2672.88	589.533	650.423
2674.81	589.177	650.435
2676.74	589.098	650.032
2678.66	589.092	650.108
2680.59	588.478	650.449
2682.52	587.545	650.237
2684.45	586.796	649.623
2686.38	586.094	648.941
2688.3	585.7	647.897
2690.23	586.024	646.938
2692.16	586.365	646.89
2694.09	585.954	647.211
2696.02	585.104	647.011
2697.95	584.379	646.318
2699.88	584.032	645.491
2701.81	583.82	644.895
2703.73	583.526	644.378
2705.66	583.305	643.777
2707.59	583.052	643.314
2709.52	582.564	642.786
2711.45	582.324	641.807
2713.38	582.682	640.94
2715.3	583.019	640.8
2717.23	582.778	640.868
2719.16	582.539	640.477
2721.09	582.533	640.274
2723.02	581.869	640.511
2724.95	580.753	639.917
2726.87	580.602	638.442
2728.8	581.143	637.773
2730.73	581.177	637.867
2732.66	580.874	637.595
2734.59	580.908	637.11
2736.52	580.917	637.098
2738.45	580.673	637.162
2740.38	580.442	637.234
2742.3	579.662	637.738
2744.23	577.78	637.788
2746.16	576.04	636.089
2748.09	576.156	633.505
2750.02	577.658	632.282
2751.95	578.572	632.879
2753.87	578.077	633.682
2755.8	577.01	633.509
2757.73	576.272	632.609
2759.66	576.213	631.597
2761.59	576.514	631.142
2763.52	576.251	631.313
2765.45	575.334	631.039
2767.37	574.716	629.878
2769.3	574.928	628.6
2771.23	575.756	627.953
2773.16	576.34	628.309
2775.09	575.863	629.022
2777.02	574.834	628.897
2778.94	574.209	628.035
2780.87	574.215	627.246
2782.8	574.333	627.024
2784.73	573.919	627.111
2786.66	573.207	626.708
2788.59	572.957	625.843
2790.51	573.112	625.375
2792.44	572.911	625.427
2794.37	572.35	625.254
2796.3	571.821	624.773
2798.23	571.338	624.258
2800.16	570.851	623.622
2802.09	570.404	622.774
2804.01	570.422	621.619
2805.94	571.166	620.767
2807.87	571.764	620.921
2809.8	571.557	621.262
2811.73	571.577	620.932
2813.66	571.969	621.181
2815.59	571.497	622.29
2817.51	570	622.876
2819.44	568.286	622.398
2821.37	567.151	621.119
2823.3	566.964	619.801
2825.23	566.959	619.313
2827.16	566.3	619.111
2829.09	565.606	618.222
2831.01	565.417	617.23
2832.94	565.062	616.7
2834.87	564.484	615.79
2836.8	564.57	614.401
2838.73	565.13	613.644
2840.66	565.227	613.505
2842.58	565.031	612.977
2844.51	565.221	612.168
2846.44	565.663	611.751
2848.37	565.999	611.709
2850.3	566.029	611.85
2852.23	565.815	611.918
2854.16	565.586	611.891
2856.08	564.963	612
2858.01	564.155	611.52
2859.94	564.119	610.565
2861.87	564.343	610.435
2863.8	563.718	610.712
2865.73	563.027	610.037
2867.66	563.114	609.207
2869.58	563.189	609.199
2871.51	562.68	609.278
2873.44	562.331	608.872
2875.37	561.777	608.869
2877.3	560.583	608.494
2879.23	560.088	606.932
2881.15	560.818	605.744
2883.08	561.745	605.933
2885.01	561.478	607.13
2886.94	559.583	607.768
2888.87	557.629	606.443
2890.8	557.108	604.114
2892.73	557.937	602.316
2894.65	559.446	601.692
2896.58	560.301	602.544
2898.51	559.721	603.622
2900.44	558.665	603.687
2902.37	557.833	603.392
2904.3	556.417	603.203
2906.22	554.781	601.718
2908.15	554.994	599.023
2910.08	556.374	597.869
2912.01	556.934	598.005
2913.94	557.43	597.606
2915.87	557.95	597.886
2917.8	557.126	598.6
2919.72	556.241	597.64
2921.65	556.834	596.266
2923.58	557.887	596.354
2925.51	557.877	597.326
2927.44	557.267	597.623
2929.37	556.981	597.59
2931.29	556.294	598.121
2933.22	554.797	598.166
2935.15	553.75	596.952
2937.08	554.024	595.75
2939.01	554.33	596.027
2940.94	553.128	596.831
2942.87	551.223	596.178
2944.79	550.058	594.325
2946.72	549.911	592.362
2948.65	550.617	590.802
2950.58	551.628	590.166
2952.51	551.945	590.338
2954.44	551.518	590.119
2956.37	551.469	589.037
2958.29	552.24	588.111
2960.22	553.239	588.011
2962.15	554.003	588.521
2964.08	554.215	589.481
2966.01	553.761	590.533
2967.94	552.51	591.412
2969.86	550.466	591.512
2971.79	548.662	590.098
2973.72	548.313	587.885
2975.65	549.225	586.449
2977.58	550.19	586.336
2979.51	550.377	586.871
2981.44	549.84	587.189
2983.36	549.15	586.967
2985.29	548.643	586.489
2987.22	548.134	586.011
2989.15	547.655	585.197
2991.08	548.208	584.039
2993.01	549.147	584.237
2994.93	548.598	585.46
2996.86	547.195	585.374
2998.79	546.585	584.251
3000.72	546.644	583.589
3002.65	546.68	583.477
3004.58	546.343	583.626
3006.51	545.385	583.687
3008.43	544.12	582.97
3010.36	543.471	581.298
3012.29	544.4	579.529
3014.22	546.105	579.489
3016.15	546.193	581.215
3018.08	544.638	581.976
3020.01	543.414	581.123
3021.93	543.051	580.218
3023.86	542.974	579.861
3025.79	542.402	579.987
3027.72	540.818	579.736
3029.65	539.529	577.79
3031.58	540.341	575.168
3033.5	542.287	574.423
3035.43	543.302	575.346
3037.36	543.436	576.181
3039.29	543.098	577.01
3041.22	541.871	577.821
3043.15	540.189	577.598
3045.08	538.963	576.402
3047	538.831	574.918
3048.93	539.388	574.296
3050.86	539.273	574.708
3052.79	538.241	574.743
3054.72	537.408	573.784
3056.65	537.494	572.762
3058.57	537.484	572.758
3060.5	536.442	572.811
3062.43	535.477	571.603
3064.36	535.588	570.107
3066.29	536.101	569.522
3068.22	536.074	569.51
3070.14	535.621	569.145
3072.07	535.482	568.325
3074	535.761	567.774
3075.93	535.78	567.759
3077.86	535.529	567.605
3079.79	535.323	567.344
3081.72	534.955	567.256
3083.65	534.332	567.01
3085.57	533.683	566.416
3087.5	533.358	565.554
3089.43	533.38	564.849
3091.36	533.354	564.504
3093.29	533.069	564.204
3095.22	532.812	563.662
3097.14	532.662	563.151
3099.07	532.521	562.697
3101	532.474	562.239
3102.93	532.398	561.971
3104.86	532.096	561.765
3106.79	531.74	561.353
3108.72	531.485	560.866
3110.64	531.261	560.421
3112.57	531.068	559.967
3114.5	530.894	559.548
3116.43	530.696	559.143
3131.86	529.093	555.875
3147.28	527.529	552.646
3162.71	526.036	549.447
3178.14	524.614	546.326
3193.57	523.221	543.311
3209	521.819	540.378
3224.42	520.403	537.502
3239.85	518.958	534.674
3255.28	517.52	531.862
3270.71	516.058	529.122
3286.14	514.519	526.404
3301.56	512.982	523.628
3316.99	511.413	520.873
3332.42	509.883	518.034
3347.85	508.421	515.22
3363.28	506.973	512.448
3378.7	505.553	509.682
3394.13	504.152	506.959
3409.56	502.75	504.271
3424.99	501.328	501.608
3440.41	499.896	498.931
3455.84	498.501	496.24
3471.27	497.119	493.589
3486.7	495.728	490.947
3502.13	494.365	488.287
3517.55	493.042	485.658
3532.98	491.715	483.082
3548.41	490.382	480.515
3563.84	489.037	477.975
3579.27	487.667	475.434
3594.69	486.298	472.864
3610.12	484.953	470.276
3625.55	483.633	467.691
3640.98	482.368	465.103
3656.4	481.089	462.581
3671.83	479.784	460.018
3687.26	478.589	457.379
3702.69	477.513	454.844
3718.12	476.41	452.467
3733.54	475.206	450.134
3748.97	473.969	447.756
3764.4	472.745	445.375
3779.83	471.47	443.021
3795.26	470.207	440.586
3810.68	469.006	438.152
3826.11	467.813	435.769
3841.54	466.602	433.389
3856.97	465.409	430.99
3872.39	464.23	428.608
3887.82	463.069	426.226
3903.25	461.924	423.861
3918.68	460.763	421.518
3934.11	459.626	419.141
3949.53	458.523	416.789
3964.96	457.427	414.468
3980.39	456.338	412.16
3995.82	455.233	409.874
4011.25	454.139	407.567
4026.67	453.081	405.267
4042.1	452.022	403.011
4057.53	450.977	400.754
4072.96	449.925	398.537
4088.38	448.86	396.325
4103.81	447.78	394.117
4119.24	446.713	391.888
4134.67	445.656	389.673
4150.1	444.617	387.458
4165.52	443.582	385.271
4180.95	442.519	383.098
4196.38	441.484	380.879
4211.81	440.457	378.705
4227.24	439.421	376.522
4242.66	438.413	374.325
4258.09	437.417	372.158
4273.52	436.422	370
4288.95	435.419	367.849
4304.38	434.439	365.683
4319.8	433.468	363.545
4335.23	432.489	361.414
4350.66	431.532	359.267
4366.09	430.586	357.15
4381.51	429.643	355.042
4396.94	428.707	352.945
4412.37	427.759	350.868
4427.8	426.801	348.78
4443.23	425.858	346.675
4458.65	424.945	344.575
4474.08	424.047	342.503
4489.51	423.139	340.451
4504.94	422.237	338.394
4520.37	421.323	336.357
4535.79	420.435	334.291
4551.22	419.552	332.266
4566.65	418.678	330.236
4582.08	417.806	328.229
4597.5	416.937	326.232
4612.93	416.065	324.255
4628.36	415.163	322.291
4643.79	414.271	320.294
4659.22	413.375	318.318
4674.64	412.504	316.315
4690.07	411.626	314.36
4705.5	410.745	312.383
4720.93	409.851	310.424
4736.35	408.961	308.431
4751.78	408.084	306.436
4767.21	407.241	304.432
4782.64	406.404	302.464
4798.07	405.568	300.49
4813.49	404.735	298.525
4828.92	403.912	296.557
4844.35	403.097	294.598
4859.78	402.297	292.637
4875.21	401.503	290.699
4890.63	400.726	288.758
4906.06	399.935	286.862
4921.49	399.138	284.944
4936.92	398.346	283.034
4952.35	397.565	281.121
4967.77	396.784	279.227
4983.2	396.004	277.328
4998.63	395.231	275.437
5014.06	394.462	273.553
5029.48	393.681	271.687
5044.91	392.895	269.799
5060.34	392.133	267.899
5075.77	391.389	266.022
5091.2	390.64	264.164
5106.62	389.894	262.299
5122.05	389.147	260.454
5137.48	388.395	258.601
5152.91	387.663	256.746
5168.34	386.93	254.922
5183.76	386.181	253.101
5199.19	385.427	251.271
5214.62	384.681	249.438
5230.05	383.919	247.619
5245.47	383.171	245.76
5260.9	382.442	243.923
5276.33	381.704	242.09
5291.76	380.976	240.241
5307.19	380.264	238.401
5322.61	379.555	236.568
5338.04	378.854	234.73
5353.47	378.165	232.9
5368.9	377.485	231.078
5384.33	376.815	229.262
5399.75	376.147	227.465
5415.18	375.48	225.674
5430.61	374.801	223.897
5446.04	374.136	222.092
5461.46	373.477	220.329
5476.89	372.805	218.557
5492.32	372.143	216.78
5507.75	371.484	215.02
5523.18	370.831	213.255
5538.6	370.178	211.518
5554.03	369.504	209.782
5569.46	368.83	208.027
5584.89	368.164	206.279
5600.32	367.49	204.534
5615.74	366.822	202.771
5631.17	366.165	201.015
5646.6	365.509	199.264
5662.03	364.854	197.506
5677.46	364.217	195.744
5692.88	363.592	193.999
5708.31	362.964	192.269
5723.74	362.327	190.543
5739.17	361.686	188.809
5754.59	361.053	187.068
5770.02	360.436	185.334
5785.45	359.804	183.625
5800.88	359.171	181.886
5816.31	358.55	180.152
5831.73	357.933	178.422
5847.16	357.322	176.686
5862.59	356.724	174.955
5878.02	356.126	173.239
5893.44	355.544	171.505
5908.87	354.959	169.819
5924.3	354.356	168.113
5939.73	353.757	166.399
5955.16	353.183	164.669
5970.58	352.619	162.975
5986.01	352.053	161.274
6001.44	351.497	159.587
6016.87	350.941	157.914
6032.3	350.381	156.254
6047.72	349.809	154.608
6063.15	349.217	152.963
6078.58	348.613	151.299
6094.01	348.008	149.626
6109.44	347.416	147.924
6124.86	346.845	146.237
6140.29	346.28	144.552
6155.72	345.71	142.881
6171.15	345.145	141.19
6186.57	344.594	139.513
6202	344.046	137.838
6217.43	343.493	136.175
6232.86	342.949	134.494
6248.29	342.415	132.836
6263.71	341.876	131.179
6279.14	341.338	129.525
6294.57	340.809	127.872
6310	340.273	126.242
6325.43	339.73	124.603
6340.85	339.178	122.976
6356.28	338.615	121.33
6371.71	338.061	119.674
6387.14	337.512	118.019
6402.56	336.974	116.355
6417.99	336.437	114.713
6433.42	335.889	113.062
6448.85	335.334	111.402
6464.28	334.791	109.71
6479.7	334.283	108.016
6495.13	333.793	106.344
6510.56	333.313	104.682
6525.99	332.835	103.053
6541.42	332.335	101.435
6556.84	331.813	99.8092
6572.27	331.284	98.1624
6587.7	330.779	96.4813
6603.13	330.3	94.8301
6618.55	329.816	93.1899
6633.98	329.32	91.5503
6649.41	328.829	89.8883
6664.84	328.367	88.2225
6680.27	327.928	86.5857
6695.69	327.464	84.994
6711.12	326.965	83.3732
6726.55	326.48	81.717
6741.98	326.028	80.0663
6757.41	325.589	78.445
6772.83	325.132	76.8466
6788.26	324.654	75.2389
6803.69	324.174	73.6079
6819.12	323.713	71.9727
6834.54	323.252	70.3574
6849.97	322.773	68.7323
6865.4	322.309	67.0696
6880.83	321.881	65.4204
6896.26	321.465	63.7995
6911.68	321.028	62.2132
6927.11	320.558	60.6083
6942.54	320.084	58.9796
6957.97	319.614	57.3364
6973.4	319.157	55.6651
6988.82	318.726	53.9966
7004.25	318.311	52.3207
7019.68	317.918	50.659
7035.11	317.537	49.0012
7050.53	317.167	47.3709
7065.96	316.771	45.765
7081.39	316.356	44.114
7096.82	315.976	42.4383
7112.25	315.628	40.7837
7127.67	315.301	39.1298
7143.1	314.993	37.523
7158.53	314.673	35.937
7173.96	314.323	34.3891
7189.39	313.936	32.7999
7204.81	313.56	31.1905
7220.24	313.196	29.5719
7235.67	312.855	27.9408
7251.1	312.523	26.3478
7266.52	312.157	24.7475
7281.95	311.799	23.0786
7297.38	311.514	21.4025
7312.81	311.264	19.7916
7328.24	310.975	18.2109
7343.66	310.663	16.5573
7359.09	310.46	14.8203
7374.52	310.425	13.1972
7389.95	310.393	11.8236
7405.38	310.142	10.6001
7420.8	309.646	9.22692
7436.23	309.165	7.55399
7451.66	308.932	5.82618
7467.09	308.834	4.28824
7482.52	308.646	2.89293
7497.94	308.329	1.44084
7513.37	308.04	-0.14652
7528.8	307.874	-1.69159
7544.23	307.726	-3.14963
7559.65	307.545	-4.57528
7575.08	307.357	-6.00602
7590.51	307.181	-7.39735
7605.94	306.98	-8.75895
7621.37	306.765	-10.135
7636.79	306.572	-11.4888
7652.22	306.362	-12.774
7667.65	306.095	-14.0805
7683.08	305.831	-15.3946
7698.51	305.584	-16.7111
7713.93	305.356	-17.9751
7729.36	305.082	-19.1669
7744.79	304.741	-20.4002
7760.22	304.415	-21.6336
7775.64	304.09	-22.8313
7791.07	303.718	-23.953
7806.5	303.219	-25.0688
7821.93	302.643	-26.3198
7837.36	302.108	-27.6132
7852.78	301.594	-28.9532
7868.21	301.135	-30.2871
7883.64	300.676	-31.5397
7899.07	300.133	-32.8097
7914.5	299.586	-34.173
7929.92	299.124	-35.5187
7945.35	298.669	-36.7557
7960.78	298.102	-37.9474
7976.21	297.423	-39.2133
7991.63	296.745	-40.623
8007.06	296.183	-42.0502
8022.49	295.668	-43.3771
8037.92	295.078	-44.6175
8053.35	294.349	-45.869
8068.77	293.522	-47.2509
8084.2	292.74	-48.8112
8099.63	292.111	-50.3562
8115.06	291.51	-51.8027
8130.49	290.818	-53.1807
8145.91	289.99	-54.6351
8161.34	289.126	-56.2701
8176.77	288.388	-58.0723
8192.2	287.867	-59.847
8207.62	287.442	-61.4398
8223.05	286.933	-62.8996
8238.48	286.29	-64.3395
8253.91	285.553	-65.8386
8269.34	284.76	-67.3946
8284.76	283.906	-69.0732
8300.19	283.094	-70.9607
8315.62	282.512	-72.9468
8331.05	282.148	-74.7356
8346.48	281.715	-76.304
8361.9	281.06	-77.8301
8377.33	280.253	-79.5795
8392.76	279.564	-81.5093
8408.19	279.052	-83.4084
8423.61	278.579	-85.231
8439.04	278.073	-86.9879
8454.47	277.492	-88.7975
8469.9	276.93	-90.6705
8485.33	276.413	-92.593
8500.75	275.97	-94.5322
8516.18	275.595	-96.4206
8531.61	275.213	-98.245
8547.04	274.778	-100.064
8562.47	274.314	-101.923
8577.89	273.859	-103.845
8593.32	273.459	-105.813
8608.75	273.127	-107.774
8624.18	272.834	-109.743
8639.6	272.615	-111.662
8655.03	272.403	-113.526
8670.46	272.171	-115.323
8685.89	271.87	-117.168
8701.32	271.617	-119.028
8716.74	271.381	-120.865
8732.17	271.129	-122.687
8747.6	270.864	-124.552
8763.03	270.653	-126.415
8778.46	270.462	-128.254
8793.88	270.274	-130.047
8809.31	270.033	-131.828
8824.74	269.751	-133.674
8840.17	269.514	-135.563
8855.59	269.321	-137.494
8871.02	269.225	-139.39
8886.45	269.144	-141.219
8901.88	269.042	-143.02
8917.31	268.936	-144.818
8932.73	268.85	-146.582
8948.16	268.735	-148.297
8963.59	268.551	-150.039
8979.02	268.375	-151.832
8994.45	268.243	-153.591
9009.87	268.046	-155.349
9025.3	267.82	-157.21
9040.73	267.703	-159.121
9056.16	267.68	-160.971
9071.59	267.652	-162.771
9087.01	267.634	-164.504
9102.44	267.546	-166.22
9117.87	267.431	-167.966
9133.3	267.327	-169.73
9148.72	267.231	-171.506
9164.15	267.158	-173.282
9179.58	267.098	-175.035
9195.01	267.027	-176.752
9210.44	266.896	-178.478
9225.86	266.744	-180.249
9241.29	266.6	-182.088
9256.72	266.532	-183.948
9272.15	266.503	-185.789
9287.58	266.494	-187.62
9303	266.521	-189.415
9318.43	266.543	-191.184
9333.86	266.567	-192.881
9349.29	266.471	-194.6
9364.71	266.371	-196.432
9380.14	266.393	-198.273
9395.57	266.43	-200.076
9411	266.484	-201.842
9426.43	266.515	-203.586
9441.85	266.531	-205.33
9457.28	266.537	-207.093
9472.71	266.573	-208.857
9488.14	266.611	-210.602
9503.57	266.633	-212.339
9518.99	266.64	-214.079
9534.42	266.621	-215.867
9549.85	266.663	-217.687
9565.28	266.755	-219.478
9580.7	266.845	-221.219
9596.13	266.877	-222.979
9611.56	266.946	-224.756
9626.99	267.005	-226.555
9642.42	267.123	-228.356
9657.84	267.248	-230.143
9673.27	267.407	-231.913
9688.7	267.573	-233.661
9704.13	267.767	-235.354
9719.56	267.895	-237.011
9734.98	267.989	-238.68
9750.41	268.051	-240.382
9765.84	268.13	-242.112
9781.27	268.202	-243.885
9796.69	268.361	-245.646
9812.12	268.481	-247.394
9827.55	268.641	-249.15
9842.98	268.813	-250.875
9858.41	268.949	-252.608
9873.83	269.126	-254.345
9889.26	269.29	-256.058
9904.69	269.42	-257.791
9920.12	269.568	-259.576
9935.55	269.785	-261.372
9950.97	270.042	-263.136
9966.4	270.315	-264.858
9981.83	270.577	-266.55
9997.26	270.83	-268.22
10012.7	271.047	-269.889
10028.1	271.257	-271.591
10043.5	271.513	-273.305
10059	271.787	-275.005
10074.4	272.108	-276.65
10089.8	272.366	-278.232
10105.3	272.535	-279.84
10120.7	272.695	-281.531
10136.1	272.93	-283.252
10151.5	273.186	-284.942
10167	273.405	-286.654
10182.4	273.7	-288.388
10197.8	274.017	-290.085
10213.3	274.328	-291.776
10228.7	274.691	-293.438
10244.1	275.022	-295.045
10259.5	275.288	-296.671
10275	275.574	-298.349
10290.4	275.911	-300.042
10305.8	276.303	-301.701
10321.2	276.693	-303.305
10336.7	277.051	-304.886
10352.1	277.405	-306.457
10367.5	277.725	-308.025
10383	278.037	-309.618
10398.4	278.375	-311.211
10413.8	278.675	-312.824
10429.2	279.061	-314.443
10444.7	279.415	-316.031
10460.1	279.795	-317.62
10475.5	280.172	-319.197
10491	280.58	-320.744
10506.4	280.924	-322.274
10521.8	281.293	-323.82
10537.2	281.627	-325.373
10552.7	282.018	-326.932
10568.1	282.379	-328.463
10583.5	282.733	-330.013
10598.9	283.114	-331.565
10614.4	283.495	-333.101
10629.8	283.874	-334.625
10645.2	284.216	-336.16
10660.7	284.581	-337.732
10676.1	284.97	-339.329
10691.5	285.459	-340.891
10706.9	285.89	-342.398
10722.4	286.351	-343.91
10737.8	286.817	-345.375
10753.2	287.216	-346.84
10768.7	287.678	-348.308
10784.1	288.077	-349.748
10799.5	288.505	-351.203
10814.9	288.899	-352.648
10830.4	289.321	-354.104
10845.8	289.752	-355.515
10861.2	290.077	-356.937
10876.6	290.449	-358.441
10892.1	290.89	-359.934
10907.5	291.338	-361.387
10922.9	291.789	-362.816
10938.4	292.25	-364.193
10953.8	292.611	-365.549
10969.2	292.959	-366.956
10984.6	293.299	-368.389
11000.1	293.624	-369.875
11015.5	294.045	-371.389
11030.9	294.472	-372.864
11046.4	294.896	-374.349
11061.8	295.388	-375.838
11077.2	295.939	-377.229
11092.6	296.322	-378.575
11108.1	296.708	-380.047
11123.5	297.223	-381.566
11138.9	297.927	-382.907
11154.4	298.316	-384.08
11169.8	298.619	-385.435
11185.2	299.035	-386.904
11200.6	299.619	-388.284
11216.1	300.059	-389.525
11231.5	300.406	-390.835
11246.9	300.803	-392.225
11262.3	301.283	-393.578
11277.8	301.707	-394.862
11293.2	302.096	-396.139
11308.6	302.402	-397.443
11324.1	302.722	-398.823
11339.5	303.068	-400.235
11354.9	303.445	-401.665
11370.3	303.856	-403.101
11385.8	304.31	-404.515
11401.2	304.732	-405.91
11416.6	305.178	-407.344
11432.1	305.705	-408.762
11447.5	306.259	-410.092
11462.9	306.71	-411.382
11478.3	307.184	-412.721
11493.8	307.712	-414.01
11509.2	308.147	-415.23
11524.6	308.483	-416.511
11540	308.862	-417.898
11555.5	309.359	-419.281
11570.9	309.838	-420.595
11586.3	310.321	-421.9
11601.8	310.816	-423.166
11617.2	311.244	-424.398
11632.6	311.62	-425.664
11648	311.964	-427.026
11663.5	312.488	-428.436
11678.9	313.059	-429.711
11694.3	313.54	-430.9
11709.8	313.93	-432.121
11725.2	314.333	-433.419
11740.6	314.812	-434.728
11756	315.308	-435.988
11771.5	315.825	-437.188
11786.9	316.237	-438.344
11802.3	316.626	-439.563
11817.8	317.101	-440.768
11833.2	317.484	-441.885
11848.6	317.766	-443.056
11864	318.103	-444.3
11879.5	318.457	-445.495
11894.9	318.693	-446.669
11910.3	318.843	-447.962
11925.7	319.063	-449.399
11941.2	319.389	-450.883
11956.6	319.797	-452.367
11972	320.299	-453.824
11987.5	320.886	-455.171
12002.9	321.34	-456.423
12018.3	321.766	-457.749
12033.7	322.271	-459.088
12049.2	322.753	-460.378
12064.6	323.232	-461.677
12080	323.699	-463.006
12095.5	324.29	-464.348
12110.9	324.928	-465.573
12126.3	325.53	-466.675
12141.7	325.979	-467.725
12157.2	326.36	-468.838
12172.6	326.714	-470.019
12188	327.147	-471.219
12203.4	327.51	-472.377
12218.9	327.848	-473.593
12234.3	328.203	-474.875
12249.7	328.681	-476.179
12265.2	329.26	-477.348
12280.6	329.689	-478.344
12296	329.874	-479.39
12311.4	330.006	-480.672
12326.9	330.34	-482.104
12342.3	330.851	-483.438
12357.7	331.295	-484.608
12373.2	331.608	-485.771
12388.6	331.815	-487.076
12404	332.234	-488.516
12419.4	332.752	-489.831
12434.9	333.169	-491.065
12450.3	333.543	-492.4
12465.7	334.124	-493.782
12481.1	334.795	-494.96
12496.6	335.256	-495.991
12512	335.643	-497.087
12527.4	335.957	-498.244
12542.9	336.328	-499.479
12558.3	336.756	-500.69
12573.7	337.162	-501.847
12589.1	337.527	-502.989
12604.6	337.839	-504.148
12620	338.127	-505.359
12635.4	338.431	-506.636
12650.9	338.887	-507.889
12666.3	339.218	-509.001
12681.7	339.423	-510.182
12697.1	339.603	-511.519
12712.6	339.986	-512.93
12728	340.379	-514.215
12743.4	340.681	-515.49
12758.8	340.998	-516.833
12774.3	341.296	-518.217
12789.7	341.644	-519.698
12805.1	342.171	-521.21
12820.6	342.797	-522.615
12836	343.499	-523.865
12851.4	344.024	-524.976
12866.8	344.551	-526.085
12882.3	344.856	-527.146
12897.7	345.07	-528.397
12913.1	345.392	-529.83
12928.6	345.97	-531.243
12944	346.484	-532.484
12959.4	346.991	-533.741
12974.8	347.57	-534.955
12990.3	348.125	-536.015
13005.7	348.4	-537.036
13021.1	348.686	-538.238
13036.6	348.947	-539.491
13052	349.27	-540.817
13067.4	349.568	-542.196
13082.8	350.076	-543.66
13098.3	350.713	-544.966
13113.7	351.3	-546.074
13129.1	351.664	-547.116
13144.5	351.907	-548.301
13160	352.231	-549.627
13175.4	352.674	-550.92
13190.8	352.988	-552.164
13206.3	353.41	-553.499
13221.7	353.815	-554.766
13237.1	354.221	-556.033
13252.5	354.576	-557.298
13268	354.97	-558.586
13283.4	355.267	-559.863
13298.8	355.534	-561.295
13314.3	356.075	-562.805
13329.7	356.676	-564.101
13345.1	357.138	-565.262
13360.5	357.411	-566.483
13376	357.693	-567.888
13391.4	358.086	-569.38
13406.8	358.594	-570.857
13422.2	359.14	-572.265
13437.7	359.639	-573.66
13453.1	360.208	-575.128
13468.5	360.958	-576.562
13484	361.836	-577.758
13499.4	362.485	-578.684
13514.8	362.848	-579.641
13530.2	363.183	-580.751
13545.7	363.445	-581.895
13561.1	363.654	-583.135
13576.5	363.861	-584.48
13592	364.063	-585.93
13607.4	364.352	-587.521
13622.8	364.827	-589.17
13638.2	365.461	-590.734
13653.7	366.114	-592.167
13669.1	366.756	-593.52
13684.5	367.32	-594.818
13699.9	367.802	-596.163
13715.4	368.357	-597.58
13730.8	368.924	-598.977
13746.2	369.547	-600.376
13761.7	370.203	-601.717
13777.1	370.845	-602.987
13792.5	371.393	-604.226
13807.9	371.907	-605.525
13823.4	372.46	-606.859
13838.8	373.023	-608.175
13854.2	373.605	-609.46
13869.7	374.089	-610.72
13885.1	374.602	-612.029
13900.5	375.012	-613.319
13915.9	375.339	-614.754
13931.4	375.779	-616.393
13946.8	376.483	-618.075
13962.2	377.332	-619.608
13977.7	378.22	-620.978
13993.1	379.087	-622.188
14008.5	379.798	-623.269
14023.9	380.349	-624.329
14039.4	380.594	-625.515
14054.8	380.918	-627.067
14070.2	381.528	-628.729
14085.6	382.263	-630.28
14101.1	383.057	-631.735
14116.5	383.769	-633.131
14131.9	384.492	-634.612
14147.4	385.382	-636.113
14162.8	386.359	-637.471
14178.2	387.313	-638.673
14193.6	388.141	-639.786
14209.1	388.925	-640.877
14224.5	389.471	-641.97
14239.9	389.986	-643.32
14255.4	390.782	-644.803
14270.8	391.763	-646.077
14286.2	392.594	-647.102
14301.6	393.176	-648.144
14317.1	393.711	-649.367
14332.5	394.297	-650.712
14347.9	395.042	-652.093
14363.3	395.864	-653.348
14378.8	396.57	-654.497
14394.2	397.18	-655.706
14409.6	397.792	-657.017
14425.1	398.507	-658.36
14440.5	399.194	-659.65
14455.9	399.851	-660.994
14471.3	400.591	-662.407
14486.8	401.414	-663.786
14502.2	402.196	-665.132
14517.6	403.072	-666.532
14533.1	404.062	-667.848
14548.5	405.031	-668.998
14563.9	405.783	-670.097
14579.3	406.495	-671.371
14594.8	407.317	-672.773
14610.2	408.418	-674.129
14625.6	409.502	-675.206
14641	410.403	-676.174
14656.5	411.223	-677.177
14671.9	411.885	-678.238
14687.3	412.629	-679.477
14702.8	413.495	-680.726
14718.2	414.477	-681.884
14733.6	415.45	-682.853
14749	416.194	-683.683
14764.5	416.592	-684.671
14779.9	417.052	-686.083
14795.3	417.91	-687.676
14810.8	419.068	-689.088
14826.2	420.364	-690.168
14841.6	421.423	-690.907
14857	422.113	-691.625
14872.5	422.593	-692.594
14887.9	423.146	-693.867
14903.3	424.026	-695.234
14918.8	425.035	-696.386
14934.2	425.971	-697.344
14949.6	426.674	-698.266
14965	427.264	-699.38
14980.5	428.001	-700.678
14995.9	428.857	-701.993
15011.3	429.928	-703.276
15026.7	431.153	-704.303
15042.2	432.096	-705.05
15057.6	432.784	-705.904
15073	433.464	-706.988
15088.5	434.36	-708.146
15103.9	435.26	-709.19
15119.3	436.249	-710.196
15134.7	437.195	-711.06
15150.2	438.059	-711.843
15165.6	438.74	-712.609
15181	439.359	-713.481
15196.5	439.942	-714.416
15211.9	440.473	-715.438
15227.3	441.068	-716.575
15242.7	441.702	-717.757
15258.2	442.439	-718.988
15273.6	443.261	-720.187
15289	444.109	-721.344
15304.4	445.052	-722.455
15319.9	445.944	-723.434
15335.3	446.712	-724.4
15350.7	447.403	-725.501
15366.2	448.356	-726.716
15381.6	449.445	-727.703
15397	450.428	-728.427
15412.4	451.062	-729.071
15427.9	451.502	-729.932
15443.3	451.927	-731.044
15458.7	452.502	-732.353
15474.2	453.33	-733.684
15489.6	454.254	-734.856
15505	455.109	-735.92
15520.4	455.869	-737.036
15535.9	456.77	-738.255
15551.3	457.806	-739.36
15566.7	458.734	-740.311
15582.1	459.565	-741.315
15597.6	460.478	-742.409
15613	461.6	-743.38
15628.4	462.474	-744.088
15643.9	463.178	-744.859
15659.3	463.662	-745.776
15674.7	464.249	-746.979
15690.1	464.988	-748.268
15705.6	465.833	-749.607
15721	466.917	-751.006
15736.4	468.368	-752.243
15751.9	469.977	-752.983
15767.3	471.23	-753.171
15782.7	471.628	-753.318
15798.1	471.658	-754.212
15813.6	472.351	-755.716
15829	473.651	-756.88
15844.4	474.771	-757.421
15859.9	475.342	-757.853
15875.3	475.656	-758.61
15890.7	475.885	-759.751
15906.1	476.437	-761.276
15921.6	477.443	-762.843
15937	478.914	-764.086
15952.4	480.249	-764.74
15967.8	481.05	-765.254
15983.3	481.74	-766.079
15998.7	482.563	-767.03
16014.1	483.51	-767.887
16029.6	484.34	-768.59
16045	485.027	-769.305
16060.4	485.583	-770.128
16075.8	486.173	-771.135
16091.3	486.921	-772.224
16106.7	487.873	-773.201
16122.1	488.667	-773.975
16137.6	489.475	-774.726
16153	490.014	-775.342
16168.4	490.242	-776.14
16183.8	490.378	-777.337
16199.3	490.802	-778.879
16214.7	491.452	-780.512
16230.1	492.515	-782.158
16245.5	493.719	-783.565
16261	495.106	-784.781
16276.4	496.387	-785.698
16291.8	497.518	-786.512
16307.3	498.401	-787.393
16322.7	499.527	-788.465
16338.1	500.777	-789.324
16353.5	501.958	-789.937
16369	502.876	-790.393
16384.4	503.468	-790.929
16399.8	504.021	-791.659
16415.3	504.291	-792.517
16430.7	504.473	-793.9
16446.1	505.214	-795.785
16461.5	506.784	-797.464
16477	508.241	-798.479
16492.4	509.448	-799.437
16507.8	510.705	-800.559
16523.2	512.361	-801.606
16538.7	514.094	-802.143
16554.1	515.415	-802.276
16569.5	516.196	-802.487
16585	516.913	-803.066
16600.4	517.68	-803.807
16615.8	518.516	-804.683
16631.2	519.705	-805.563
16646.7	520.854	-806.134
16662.1	521.841	-806.612
16677.5	522.632	-807.188
16693	523.611	-807.939
16708.4	524.746	-808.536
16723.8	525.784	-808.924
16739.2	526.733	-809.212
16754.7	527.44	-809.422
16770.1	527.962	-809.709
16785.5	528.248	-810.166
16801	528.581	-810.929
16816.4	529.044	-811.846
16831.8	529.698	-812.806
16847.2	530.355	-813.761
16862.7	531.253	-814.801
16878.1	532.39	-815.665
16893.5	533.561	-816.207
16908.9	534.49	-816.534
16924.4	535.387	-816.788
16939.8	535.976	-816.812
16955.2	536.008	-816.938
16970.7	535.84	-817.566
16986.1	535.786	-818.648
17001.5	536.082	-820.009
17016.9	536.838	-821.32
17032.4	537.712	-822.282
17047.8	538.314	-823.082
17063.2	538.918	-824.012
17078.7	539.433	-824.973
17094.1	539.898	-826.16
17109.5	540.752	-827.568
17124.9	541.932	-828.78
17140.4	543.086	-829.775
17155.8	544.49	-830.715
17171.2	546.231	-831.164
17186.6	547.495	-830.877
17202.1	548.03	-830.453
17217.5	548.077	-830.26
17232.9	547.641	-830.425
17248.4	546.999	-831.242
17263.8	546.655	-832.723
17279.2	546.978	-834.454
17294.6	547.759	-835.878
17310.1	548.356	-836.965
17325.5	548.754	-838.288
17340.9	549.844	-839.826
17356.4	551.234	-840.677
17371.8	551.993	-840.927
17387.2	551.906	-841.515
17402.6	552.124	-842.9
17418.1	552.83	-844.339
17433.5	553.781	-845.467
17448.9	554.405	-846.379
17464.3	555.053	-847.519
17479.8	555.914	-848.681
17495.2	556.99	-849.586
17510.6	557.866	-850.036
17526.1	558.082	-850.33
17541.5	557.675	-851.086
17556.9	557.153	-852.736
17572.3	557.415	-855.137
17587.8	558.767	-857.33
17603.2	560.126	-858.692
17618.6	561.047	-859.896
17634.1	562.178	-861.271
17649.5	563.224	-862.391
17664.9	563.811	-863.662
17680.3	564.748	-865.537
17695.8	566.448	-867.409
17711.2	568.533	-868.725
17726.6	570.732	-869.418
17742	572.857	-869.267
17757.5	573.623	-868.399
17772.9	572.869	-868.386
17788.3	572.367	-870.15
17803.8	573.455	-872.621
17819.2	575.888	-874.161
17834.6	578.17	-874.008
17850	578.661	-873.075
17865.5	577.822	-873.208
17880.9	577.22	-874.879
17896.3	577.68	-877.26
17911.8	579.278	-879.382
17927.2	581.325	-880.536
17942.6	582.702	-880.944
17958	583.587	-881.558
17973.5	584.732	-882.402
17988.9	585.912	-882.894
18004.3	586.618	-883.126
18019.8	586.801	-883.618
18035.2	586.93	-884.643
18050.6	587.212	-886.099
18066	588.16	-887.751
18081.5	589.536	-888.896
18096.9	590.434	-889.494
18112.3	590.696	-890.412
18127.7	591.498	-891.916
18143.2	592.746	-893.021
18158.6	593.512	-893.58
18174	593.529	-894.381
18189.5	593.281	-896.107
18204.9	593.858	-898.757
18220.3	595.831	-901.285
18235.7	598.256	-902.695
18251.2	600.154	-903.342
18266.6	601.896	-903.845
18282	603.373	-903.962
18297.5	604.213	-903.806
18312.9	604.23	-903.874
18328.3	603.903	-904.589
18343.7	603.26	-906.044
18359.2	603.058	-908.574
18374.6	604.446	-911.368
18390	606.359	-912.897
18405.4	606.822	-913.746
18420.9	606.277	-916.175
18436.3	607.707	-920.669
18451.7	613.081	-924.084
18467.2	618.734	-922.835
18482.6	619.644	-918.795
18498	615.81	-917.459
18513.4	612.369	-921.634
18528.9	614.041	-928.54
18544.3	620.812	-932.431
18559.7	626.511	-930.239
18575.2	625.695	-926.267
18590.6	621.336	-927.074
18606	619.789	-933.052
18621.4	623.409	-939.421
18636.9	629.096	-942.312
18652.3	633.191	-942.456
18667.7	635.375	-942.69
18683.1	637.44	-944.223
18698.6	640.851	-946.122
18714	645.214	-946.669
18729.4	648.329	-945.562
18744.9	649.282	-944.891
18760.3	650.432	-946.196
18775.7	653.32	-948.041
18791.1	657.12	-948.73
18806.6	660.471	-948.222
18822	663.036	-947.339
18837.4	664.769	-946.833
18852.9	667.14	-946.976
18868.3	670.408	-946.245
18883.7	672.268	-944.102
18899.1	672.117	-942.663
18914.6	672.234	-943.003
18930	673.014	-943.952
18945.4	674.248	-945.293
18960.9	676.75	-946.983
18976.3	680.564	-949.286
