100.281	3201.32	11714.9	
100.924	3450.24	11698	
101.567	3623.1	11820.2	
102.21	3683.06	12010	
102.852	3551.75	12155.7	
103.495	3479.83	12169.3	
104.138	3408.02	12195.2	
104.781	3360.68	12235.7	
105.424	3202.8	12278.6	
106.067	3109.85	12261	
106.709	2932.01	12256.1	
107.352	2770.03	12158.7	
107.995	2675.1	12035.6	
108.638	2601.56	11937.5	
109.281	2519.15	11855.5	
109.924	2405.51	11766.2	
110.566	2248.35	11603.9	
111.209	2208.32	11375.7	
111.852	2189.11	11158.6	
112.495	2272.79	10943.8	
113.138	2380.14	10782.6	
113.781	2575.05	10694.8	
114.423	2671.29	10707.9	
115.066	2759.69	10711.2	
115.709	2842.19	10755.5	
116.352	2869.92	10844.5	
116.995	2829.69	10938.8	
117.637	2725.23	11002.1	
118.28	2589.88	11006.2	
118.923	2465.82	10958.4	
119.566	2358.84	10886.4	
120.209	2252.88	10795.4	
120.852	2151.74	10669.2	
121.494	2081.72	10499.7	
122.137	2083.08	10311.7	
122.78	2166.63	10194.2	
123.423	2070.78	10058.2	
124.066	2219.2	9794.01	
124.709	2483.84	9687.78	
125.351	2729.55	9755.11	
125.994	2848.33	9935.81	
126.637	2815.5	10109	
127.28	2724.31	10189.9	
127.923	2671.84	10218.3	
128.566	2632.71	10280	
129.208	2510.68	10369.5	
129.851	2288.12	10379.3	
130.494	2085.03	10237.6	
131.137	2036.5	10025.9	
131.78	2114.4	9896.43	
132.423	2162.1	9892.27	
133.065	2096.6	9908.36	
133.708	1994.12	9838.65	
134.351	1973.24	9719.27	
134.994	1997.9	9648.27	
135.637	1977.16	9619.95	
136.279	1902.67	9547.67	
136.922	1887.6	9405.09	
137.565	1980.48	9291.73	
138.208	2083.79	9285.56	
138.851	2104.29	9350.61	
139.494	2013.49	9387.93	
140.136	1895.42	9316.41	
140.779	1863.77	9167.99	
141.422	1929.51	9039.43	
142.065	2044.61	8994.64	
142.708	2116.49	9037.44	
143.351	2107.58	9105.18	
143.993	2031.68	9134.09	
144.636	1950.21	9098.26	
145.279	1899.71	9022.04	
145.922	1891.94	8937.63	
146.565	1915.62	8870.28	
147.208	1962.82	8840.92	
147.85	1981.85	8858.5	
148.493	1940.28	8878.87	
149.136	1864.11	8845.87	
149.779	1827.59	8753.9	
150.422	1871.59	8668.29	
151.065	1948.04	8658.45	
151.707	1965.44	8721.71	
152.35	1880.11	8775.41	
152.993	1755.34	8739.16	
153.636	1684.67	8626.51	
154.279	1687.97	8507.09	
154.921	1732.12	8423.07	
155.564	1787.34	8378.88	
156.207	1837.39	8368.46	
156.85	1871.32	8387.79	
157.493	1867.03	8425.73	
158.136	1819.19	8451.9	
158.778	1751.85	8441.27	
159.421	1698.88	8399.26	
160.064	1661.64	8347.5	
160.707	1633.2	8289.71	
161.35	1623.26	8226.73	
161.993	1635.82	8174.23	
162.635	1656.99	8151.27	
163.278	1646.93	8153.37	
163.921	1593.05	8137.87	
164.564	1537.15	8072.01	
165.207	1526.65	7974.34	
165.85	1567.21	7889.38	
166.492	1633.46	7848.68	
167.135	1681.53	7852.46	
167.778	1696.59	7873.87	
168.421	1676.02	7884.48	
169.064	1653.41	7867.22	
169.707	1647.22	7837.07	
170.349	1664.93	7818.46	
170.992	1676.29	7828.99	
171.635	1658.46	7853.59	
172.278	1606.62	7863.17	
172.921	1551.73	7839.52	
173.563	1516.12	7796.62	
174.206	1501.46	7756.92	
174.849	1488.85	7731.19	
175.492	1468.16	7714.03	
176.135	1426.87	7690.66	
176.778	1383.39	7642.09	
177.42	1362.35	7574.86	
178.063	1371.08	7512.3	
178.706	1394.33	7474.94	
179.349	1404.25	7462.55	
179.992	1386.59	7451.86	
180.635	1356.92	7418.85	
181.277	1345.82	7366.73	
181.92	1357.09	7318.85	
182.563	1379.42	7291.14	
183.206	1390.38	7284.68	
183.849	1377.73	7282.84	
184.492	1345.1	7263.85	
185.134	1318.52	7217.88	
185.777	1318.67	7160.29	
186.42	1343.94	7115.09	
187.063	1375.91	7094.93	
187.706	1397.82	7096.97	
188.349	1396.54	7107.18	
188.991	1382.64	7111.81	
189.634	1357.51	7109.02	
190.277	1327.3	7094.12	
190.92	1299.3	7066.68	
191.563	1281.9	7031.49	
192.205	1278.23	7000.89	
192.848	1272.74	6982.77	
193.491	1254.05	6967.05	
194.134	1229.66	6942.28	
194.777	1206.15	6906.89	
195.42	1193.28	6866	
196.062	1184.13	6826.25	
196.705	1179.68	6785.61	
197.348	1179.96	6744.78	
197.991	1188.87	6706.73	
198.634	1201.14	6676.26	
199.277	1213.56	6653.18	
199.919	1220.52	6633.98	
200.562	1229.36	6616.33	
201.205	1235.04	6604.61	
201.848	1233.5	6595.38	
202.491	1224.7	6582.58	
203.134	1215.71	6563.42	
203.776	1208.82	6540.51	
204.419	1206.1	6516.02	
205.062	1206.53	6492.09	
205.705	1212.39	6471.55	
206.348	1216.87	6457.18	
206.991	1219.39	6446.64	
207.633	1216.34	6437.67	
208.276	1213.15	6428.2	
208.919	1207.99	6422.17	
209.562	1196.45	6419.7	
210.205	1172.65	6415.32	
210.847	1140.34	6400.48	
211.49	1103.99	6368.88	
212.133	1079.2	6318.93	
212.776	1076.77	6261.81	
213.419	1099.52	6217.13	
214.062	1122.6	6196.19	
214.704	1134.17	6189.38	
215.347	1125.89	6180.81	
215.99	1116.34	6157.5	
216.633	1117.21	6127.54	
217.276	1128.76	6102.52	
217.919	1141.97	6088.85	
218.561	1146.32	6082.08	
219.204	1144.96	6074.13	
219.847	1140.07	6063.16	
220.49	1135.48	6048.52	
221.133	1134.88	6033.99	
221.776	1132.35	6022.01	
222.418	1129.98	6010.52	
223.061	1127.47	6003.14	
223.704	1113.6	5996.78	
224.347	1096.28	5982.26	
224.99	1077.95	5958.91	
225.633	1067.59	5926.94	
226.275	1069.84	5895.17	
226.918	1077.7	5870.82	
227.561	1086.11	5853.42	
228.204	1091.95	5840.44	
228.847	1095.72	5829.06	
229.49	1100.09	5819.98	
230.132	1102.29	5816.23	
230.775	1095.42	5814.86	
231.418	1082.56	5809.44	
232.061	1065.47	5797.24	
232.704	1050.94	5776.39	
233.346	1046.76	5753.8	
233.989	1043.98	5736.31	
234.632	1040.71	5721.31	
235.275	1035.36	5707.29	
235.918	1028.64	5692.45	
236.561	1021.57	5676.19	
237.203	1015.55	5659.37	
237.846	1008.26	5642.02	
238.489	1001.25	5621.38	
239.132	1000.91	5600.3	
239.775	1000.4	5582.91	
240.418	1001.49	5567.48	
241.06	1001.41	5556	
241.703	996.154	5545.91	
242.346	988.028	5533.2	
242.989	979.055	5517.17	
243.632	971.389	5497.67	
244.275	969.008	5477.67	
244.917	967.606	5461.42	
245.56	963.593	5447.43	
246.203	954.609	5430.61	
246.846	949.629	5408.87	
247.489	947.789	5387.19	
248.132	948.211	5366.4	
248.774	949.708	5346.04	
249.417	955.488	5326.69	
250.06	963.229	5311.21	
250.703	973.638	5302.06	
251.346	978.175	5301.14	
251.988	971.806	5301.13	
252.631	959.689	5294.85	
253.274	948.122	5282.92	
253.917	936.916	5268.3	
254.56	924.584	5249.12	
255.203	919.015	5225.43	
255.845	918.642	5202.97	
256.488	923.174	5184.61	
257.131	927.719	5173.75	
257.774	923.699	5166.93	
258.417	912.734	5155.57	
259.06	900.462	5135.42	
259.702	895.996	5108.81	
260.345	900.263	5083.6	
260.988	908.915	5064.9	
261.631	915.441	5052.42	
262.274	917.732	5041.57	
262.917	918.821	5029.83	
263.559	918.725	5017.22	
264.202	920.205	5003.87	
264.845	921.821	4991.17	
265.488	925.629	4979.99	
266.131	927.765	4972.59	
266.774	924.513	4965.22	
267.416	921.394	4955.13	
268.059	916.991	4943.61	
268.702	914.867	4930.74	
269.345	911.744	4917.45	
269.988	912.918	4903.93	
270.63	913.349	4894.06	
271.273	911.708	4886.14	
271.916	904.579	4877.13	
272.559	896.981	4863.22	
273.202	890.868	4845.31	
273.845	890.182	4825.54	
274.487	892.411	4807.36	
275.13	897.624	4791.16	
275.773	904.727	4778.97	
276.416	909.666	4771.06	
277.059	910.805	4764.5	
277.702	909.042	4756.54	
278.344	906.667	4746.46	
278.987	903.364	4733.21	
279.63	905.748	4717.12	
280.273	914.079	4704.98	
280.916	922.125	4700.31	
281.559	924.262	4700.32	
282.201	919.665	4699.43	
282.844	912.08	4693.84	
283.487	906.867	4685.29	
284.13	900.878	4676.7	
284.773	894.477	4666.59	
285.416	887.279	4653.63	
286.058	883.806	4637.09	
286.701	886.861	4621.64	
287.344	892.468	4612.47	
287.987	893.268	4608.19	
288.63	890.142	4603.72	
289.272	884.253	4597.69	
289.915	875.791	4587.98	
290.558	870.849	4574.42	
291.201	869.166	4561.6	
291.844	868.116	4551	
292.487	865.995	4541.93	
293.129	861.623	4532.84	
293.772	854.811	4520.38	
294.415	852.868	4504.15	
295.058	856.026	4490.39	
295.701	859.074	4481.5	
296.344	859.213	4475.29	
296.986	855.58	4468.66	
297.629	850.296	4458.79	
298.272	847.98	4446.64	
298.915	847.448	4435.7	
299.558	846.593	4426.19	
300.201	845.085	4416.91	
300.843	843.41	4407.07	
301.486	844.112	4398.15	
302.129	842.888	4392.34	
302.772	837.276	4385.92	
303.415	831.343	4375.89	
304.058	827.68	4363.96	
304.7	827.332	4353.92	
305.343	823.653	4346.72	
305.986	817.618	4338.4	
306.629	808.516	4326.37	
307.272	803.617	4309.84	
307.914	801.994	4292.95	
308.557	804.709	4277.36	
309.2	809.139	4265.67	
309.843	812.653	4257.9	
310.486	812.901	4252.66	
311.129	808.347	4246.81	
311.771	801.329	4236.88	
312.414	795.501	4221.85	
313.057	795.373	4204.04	
313.7	801.797	4189.08	
314.343	809.433	4180.78	
314.986	813.438	4177.71	
315.628	811.33	4175.68	
316.271	805.047	4170.28	
316.914	798.811	4160.58	
317.557	794.337	4148.13	
318.2	793.581	4135.49	
318.843	792.542	4124.09	
319.485	793.416	4112.92	
320.128	794.126	4103.4	
320.771	794.494	4094.91	
321.414	793.173	4086.99	
322.057	790.226	4077.75	
322.7	787.831	4066.2	
323.342	788.321	4054.2	
323.985	789.159	4043.5	
324.628	790.87	4033.82	
325.271	791.085	4025.25	
325.914	789.538	4014.84	
326.556	791.506	4002.36	
327.199	796.443	3992.06	
327.842	801.109	3984.92	
328.485	804.574	3979.73	
329.128	805.919	3975.35	
329.771	806.004	3970.72	
330.413	804.731	3965.48	
331.056	802.952	3958.62	
331.699	803.319	3951.2	
332.342	803.5	3945.09	
332.985	803.21	3939.36	
333.628	802.28	3933.44	
334.27	801.827	3927.21	
334.913	801.363	3920.97	
335.556	802.805	3915.41	
336.199	803.912	3912.44	
336.842	803.4	3911.57	
337.485	799.856	3911.87	
338.127	792.712	3911.46	
338.77	783.143	3908.56	
339.413	772.731	3902.69	
340.056	762.716	3894.18	
340.699	753.848	3883.65	
341.342	747.078	3872.52	
341.984	739.726	3861.13	
342.627	734.286	3848.66	
343.27	728.879	3836.2	
343.913	725.016	3823.41	
344.556	720.684	3810.81	
345.198	717.195	3797.41	
345.841	714.039	3783.33	
346.484	712.726	3768.38	
347.127	713.605	3753.96	
347.77	715.999	3741.37	
348.413	717.879	3730.74	
349.055	718.965	3721.05	
349.698	718.394	3711.03	
350.341	718.443	3699.73	
350.984	719.372	3688.11	
351.627	721.919	3676.98	
352.27	724.891	3667.44	
352.912	727.151	3658.99	
353.555	728.985	3650.89	
354.198	730.391	3643.12	
354.841	731.331	3635.52	
355.484	731.77	3627.97	
356.127	731.567	3619.98	
356.769	731.588	3611.18	
357.412	732.452	3602.02	
358.055	734.405	3593.34	
358.698	736.644	3585.69	
359.341	739.273	3579.37	
359.984	740.459	3574.65	
360.626	739.77	3570.1	
361.269	737.898	3564.85	
361.912	735.289	3558.76	
362.555	732.51	3552.11	
363.198	728.648	3544.98	
363.84	723.831	3536.26	
364.483	719.252	3525.21	
365.126	716.479	3512.43	
365.769	715.263	3498.77	
366.412	717.267	3485.24	
367.055	720.278	3473.66	
367.697	723.736	3463.69	
368.34	726.204	3455.04	
368.983	727.206	3446.17	
369.626	728.167	3435.87	
370.269	730.605	3424.72	
370.912	734.456	3413.99	
371.554	738.882	3403.85	
372.197	744.718	3394.15	
372.84	751.88	3385.96	
373.483	759.812	3380.2	
374.126	766.995	3377.47	
374.769	771.431	3377.02	
375.411	772.463	3376.94	
376.054	770.24	3375.1	
376.697	767.346	3370.07	
377.34	765.905	3362.91	
377.983	766.059	3355.34	
378.626	767.238	3348.28	
379.268	768.708	3342.11	
379.911	769.431	3336.33	
380.554	769.991	3330.13	
381.197	770.811	3323.5	
381.84	773.107	3317.47	
382.482	774.324	3313.26	
383.125	773.437	3309.15	
383.768	770.568	3303.05	
384.411	768.736	3293.94	
385.054	769.849	3283.69	
385.697	773.523	3274.86	
386.339	777.139	3268.3	
386.982	779.86	3262.81	
387.625	781.3	3257.28	
388.268	782.354	3250.77	
388.911	783.756	3243.02	
389.554	787.404	3234.75	
390.196	792.231	3227.55	
390.839	798.332	3221.67	
391.482	804.833	3218	
392.125	810.02	3216.27	
392.768	813.788	3215.15	
393.411	816.77	3214.11	
394.053	819.535	3213.59	
394.696	821.027	3214.01	
395.339	821.059	3214.88	
395.982	817.893	3214.9	
396.625	814.365	3211.88	
397.268	812.062	3206.75	
397.91	812.403	3201.11	
398.553	814.025	3196.72	
399.196	816.663	3193.91	
399.839	818.95	3193.32	
400.482	820.064	3194.87	
401.125	817.701	3197.85	
401.767	811.604	3199.52	
402.41	803.42	3197.84	
403.053	795.87	3192.49	
403.696	790.766	3185.09	
404.339	788.027	3177.6	
404.981	786.905	3171.24	
405.624	785.957	3166.38	
406.267	784.726	3162.85	
406.91	781.432	3160.05	
407.553	776.536	3156.08	
408.196	771.351	3150.25	
408.838	767.236	3143.06	
409.481	764.164	3135.56	
410.124	761.915	3128.19	
410.767	760.278	3121.44	
411.41	757.623	3115.02	
412.053	754.889	3107.36	
412.695	753.671	3098.72	
413.338	755.019	3090.98	
413.981	756.681	3086.14	
414.624	756.124	3083.36	
415.267	752.902	3080.42	
415.91	747.891	3075.63	
416.552	743.222	3068.7	
417.195	739.226	3060.58	
417.838	736.463	3051.8	
418.481	734.393	3042.93	
419.124	733.417	3034.13	
419.767	733.082	3026.12	
420.409	732.258	3018.78	
421.052	731.414	3011.41	
421.695	730.305	3004.32	
422.338	728.446	2997.14	
422.981	725.963	2989.23	
423.623	722.935	2979.86	
424.266	720.804	2968.23	
424.909	721.554	2955.12	
425.552	725.999	2942.88	
426.195	732.63	2933.91	
426.838	738.159	2928.46	
427.48	741.548	2924.64	
428.123	742.523	2920.79	
428.766	742.322	2915.71	
429.409	741.558	2909.23	
430.052	741.557	2901.27	
430.695	743.049	2892.89	
431.337	745.34	2884.93	
431.98	748.46	2877.47	
432.623	751.829	2870.73	
433.266	755.813	2864.79	
433.909	759.229	2859.97	
434.552	762.096	2855.5	
435.194	764.734	2851.31	
435.837	766.844	2847.5	
436.48	768.333	2843.82	
437.123	769.028	2839.84	
437.766	769.815	2835.33	
438.409	770.619	2830.88	
439.051	770.739	2826.4	
439.694	770.488	2821.05	
440.337	770.759	2814.66	
440.98	772.546	2808.07	
441.623	775.098	2802.59	
442.265	777.129	2798.2	
442.908	778.281	2794.06	
443.551	778.541	2789.37	
444.194	778.996	2783.68	
444.837	780.231	2777.61	
445.48	781.774	2771.58	
446.122	784.381	2765.85	
446.765	786.373	2760.95	
447.408	788.166	2755.65	
448.051	790.398	2749.97	
448.694	793.571	2744.33	
449.337	797.763	2739.62	
449.979	802.1	2736.66	
450.622	804.891	2735.19	
451.265	805.771	2733.67	
451.908	805.467	2730.96	
452.551	805.03	2726.59	
453.194	806.331	2721.26	
453.836	808.597	2716.71	
454.479	811.401	2713.36	
455.122	812.937	2711.33	
455.765	812.732	2708.91	
456.408	812.132	2704.99	
457.051	812.185	2699.84	
457.693	813.944	2694.39	
458.336	816.93	2690.29	
458.979	819.246	2688.07	
459.622	819.714	2686.51	
460.265	818.605	2684.22	
460.907	816.418	2680.3	
461.55	814.746	2674.24	
462.193	814.926	2666.98	
462.836	817.057	2660.05	
463.479	820.101	2654.46	
464.122	822.798	2650.09	
464.764	824.759	2646.12	
465.407	825.847	2641.62	
466.05	827.574	2636	
466.693	830.757	2630.34	
467.336	834.816	2625.91	
467.979	838.324	2622.82	
468.621	840.861	2620.21	
469.264	842.417	2617.45	
469.907	842.969	2613.91	
470.55	842.929	2608.62	
471.193	844.073	2601.02	
471.836	848.108	2592.2	
472.478	855.07	2584.02	
473.121	864.467	2577.79	
473.764	874.579	2574.08	
474.407	885.125	2572.28	
475.05	895.819	2572.34	
475.693	907.081	2574.43	
476.335	918.311	2579.57	
476.978	927.849	2588.04	
477.621	934.906	2599.06	
478.264	938.36	2611.86	
478.907	938.347	2625.19	
479.549	934.486	2638.46	
480.192	926.148	2650.02	
480.835	915.931	2658.27	
481.478	903.981	2663.9	
482.121	891.701	2666.51	
482.764	879.208	2666.81	
483.406	866.778	2664.68	
484.049	854.473	2659.58	
484.692	844.965	2651.44	
485.335	838.343	2642.36	
485.978	834.831	2633.54	
486.621	833.338	2626.42	
487.263	832.703	2621.65	
487.906	830.397	2618.83	
488.549	826.142	2615.59	
489.192	821.667	2610.68	
489.835	818.504	2604.87	
490.478	816.559	2599.78	
491.12	814.129	2596.04	
491.763	810.011	2592.33	
492.406	805.119	2586.99	
493.049	801.455	2580.06	
493.692	799.533	2573.22	
494.335	798.331	2567.89	
494.977	795.519	2563.85	
495.62	790.619	2558.92	
496.263	784.734	2551.3	
496.906	780.704	2540.62	
497.549	780.253	2528.91	
498.191	783.327	2519	
498.834	786.727	2512.69	
499.477	787.458	2508.16	
500.12	786.101	2502.14	
500.763	785.616	2493.56	
501.406	787.912	2484.21	
502.048	792.43	2476.22	
502.691	798.03	2470.51	
503.334	803.185	2467.12	
503.977	807.341	2465.45	
504.62	809.37	2464.83	
505.263	809.655	2463.94	
505.905	808.435	2462.17	
506.548	806.426	2458.88	
507.191	804.578	2453.83	
507.834	804.122	2447.4	
508.477	806.072	2441.11	
509.12	809.099	2436.94	
509.762	810.535	2434.78	
510.405	809.791	2432.46	
511.048	807.502	2428.18	
511.691	806.441	2421.28	
512.334	808.183	2413.84	
512.977	811.178	2407.88	
513.619	814.269	2403.13	
514.262	817.118	2398.94	
514.905	820.057	2394.96	
515.548	823.662	2391.76	
516.191	825.858	2389.78	
516.833	826.874	2387.07	
517.476	828.136	2382.94	
518.119	831.457	2378.39	
518.762	835.901	2375.45	
519.405	840.045	2374.29	
520.048	843.264	2374.23	
520.69	845.505	2374.71	
521.333	846.981	2375.67	
521.976	846.923	2377.09	
522.619	844.988	2377.93	
523.262	842.159	2377.15	
523.905	839.568	2374.96	
524.547	837.363	2372.06	
525.19	835.372	2368.63	
525.833	833.823	2364.62	
526.476	832.825	2360.24	
527.119	832.505	2355.74	
527.762	832.828	2351.5	
528.404	833.203	2347.83	
529.047	833.216	2344.43	
529.69	832.162	2340.47	
530.333	831.544	2334.64	
530.976	833.202	2327.6	
531.619	838.072	2321.49	
532.261	844.511	2318.6	
532.904	850.033	2319.29	
533.547	852.69	2322.32	
534.19	851.428	2325.47	
534.833	847.317	2326.3	
535.475	842.159	2323.53	
536.118	838.907	2317.15	
536.761	839.51	2309.35	
537.404	844.198	2303.17	
538.047	850.57	2301.2	
538.69	855.045	2303.54	
539.332	855.171	2307.7	
539.975	851.111	2310.22	
540.618	846.004	2309.23	
541.261	841.388	2305.65	
541.904	838.12	2300.15	
542.547	837.097	2293.48	
543.189	839.215	2287.26	
543.832	843.431	2283.86	
544.475	846.638	2284.13	
545.118	846.883	2286.37	
545.761	843.264	2288.22	
546.404	837.279	2287.23	
547.046	830.97	2282.7	
547.689	826.518	2275.11	
548.332	825.065	2266.14	
548.975	826.586	2257.47	
549.618	830.681	2250.49	
550.261	835.982	2246.44	
550.903	840.636	2245.7	
551.546	841.877	2247.16	
552.189	839.443	2247.61	
552.832	835.284	2244.73	
553.475	832.92	2238.51	
554.117	833.401	2231.59	
554.76	835.562	2225.59	
555.403	838.731	2220.56	
556.046	842.649	2216.43	
556.689	848.081	2213.67	
557.332	854.046	2214.06	
557.974	857.837	2218.13	
558.617	856.865	2223.99	
559.26	850.604	2228.14	
559.903	841.119	2227.31	
560.546	832.818	2220.56	
561.189	828.389	2210.19	
561.831	828.934	2199.03	
562.474	833.88	2190.02	
563.117	840.684	2185.29	
563.76	846.034	2184.9	
564.403	846.721	2186.2	
565.046	843.972	2184.51	
565.688	842.853	2178.45	
566.331	846.411	2171.55	
566.974	853.301	2168.23	
567.617	858.942	2170.15	
568.26	859.136	2174.27	
568.903	855.448	2175.5	
569.545	851.955	2172.65	
570.188	851.186	2167.99	
570.831	852.689	2164.45	
571.474	853.995	2163.12	
572.117	853.428	2162.77	
572.76	850.662	2161.43	
573.402	847.077	2157.34	
574.045	845.391	2150.2	
574.688	848.05	2142.23	
575.331	854.607	2137.31	
575.974	860.811	2137.78	
576.616	862.018	2141.24	
577.259	858.532	2142.29	
577.902	855.199	2138.33	
578.545	856.389	2132.05	
579.188	861.512	2128.47	
579.831	866.282	2129.84	
580.473	866.633	2134.01	
581.116	862.626	2136.64	
581.759	857.103	2135.52	
582.402	852.619	2131.14	
583.045	850.496	2124.92	
583.688	852.036	2118.95	
584.33	854.464	2115.77	
584.973	856.425	2114.59	
585.616	856.327	2114.63	
586.259	854.243	2113.98	
586.902	851.218	2111.52	
587.545	848.986	2107.24	
588.187	848.042	2102.27	
588.83	848.451	2097.42	
589.473	849.602	2093.4	
590.116	850.533	2090.06	
590.759	851.663	2086.71	
591.402	853.199	2083.68	
592.044	855.207	2081.37	
592.687	856.892	2080.21	
593.33	857.783	2079.81	
593.973	857.65	2079.81	
594.616	856.211	2079.78	
595.901	849.974	2076.55	
597.83	841.575	2063.99	
599.758	840.658	2046.58	
601.687	842.922	2031.16	
603.615	847.929	2016.15	
605.544	857.483	2003.3	
607.472	867.607	1996.23	
609.401	874.337	1993.51	
611.329	874.585	1991.02	
613.258	871.549	1982.79	
615.186	872.289	1968.17	
617.115	880.11	1952.36	
619.043	893.103	1940.28	
620.972	908.072	1933.37	
622.9	923.095	1931.27	
624.829	936.536	1933.62	
626.757	946.371	1939.24	
628.686	953.517	1945.95	
630.614	958.679	1954.41	
632.543	959.435	1965.45	
634.471	953.352	1976.4	
636.399	941.438	1982.72	
638.328	929.047	1982.51	
640.256	918.422	1979.19	
642.185	907.028	1974.65	
644.113	894.106	1966.21	
646.042	883.941	1952.01	
647.97	878.521	1934.8	
649.899	878.404	1916.75	
651.827	883.996	1900.15	
653.756	893.266	1887.67	
655.684	904.613	1880.27	
657.613	914.155	1878.8	
659.541	918.335	1880.24	
661.47	918.405	1879.79	
663.398	917.797	1875.8	
665.327	920.528	1869.86	
667.255	926.794	1866.84	
669.184	930.778	1869.47	
671.112	928.558	1873.5	
673.041	922.813	1873.94	
674.969	916.285	1870.68	
676.898	909.726	1863.95	
678.826	907.679	1853.94	
680.755	909.617	1846.09	
682.683	909.695	1841.44	
684.612	909.344	1835.36	
686.54	911.025	1829.03	
688.469	913.028	1824.98	
690.397	912.873	1822.25	
692.325	910.985	1818.13	
694.254	910.148	1812.12	
696.182	909.78	1806.04	
698.111	910.826	1799.46	
700.039	913.645	1794.15	
701.968	915.152	1791.3	
703.896	914.43	1788.04	
705.825	914.484	1782.87	
707.753	916.307	1778.51	
709.682	916.033	1776.26	
711.61	913.717	1772.29	
713.539	913.42	1765.98	
715.467	913.789	1760.7	
717.396	913.951	1755.44	
719.324	915.25	1749.84	
721.253	916.605	1745.39	
723.181	916.512	1740.78	
725.11	918.897	1734.5	
727.038	923.141	1730.95	
728.967	924.184	1730.53	
730.895	922.202	1728.17	
732.824	921.911	1722.67	
734.752	924.182	1718.04	
736.681	925.301	1715.94	
738.609	924.885	1713.56	
740.538	924.148	1710.24	
742.466	922.59	1706.03	
744.395	923.259	1699.99	
746.323	926.563	1695.89	
748.252	927.264	1695.36	
750.18	924.591	1693.49	
752.109	922.483	1688.21	
754.037	922.775	1682.11	
755.965	924.779	1677.71	
757.894	924.308	1675.39	
759.822	921.478	1670.37	
761.751	923.247	1661.55	
763.679	929.355	1656.28	
765.608	932.419	1656.26	
767.536	932.062	1655.06	
769.465	934.392	1651.92	
771.393	935.627	1652.91	
773.322	930.115	1654.18	
775.25	923.033	1647.94	
777.179	922.8	1636.64	
779.107	927.98	1628.76	
781.036	933.139	1626.01	
782.964	936.096	1625.77	
784.893	935.697	1626.16	
786.821	932.135	1624.22	
788.75	930.245	1618.04	
790.678	931.575	1611.53	
792.607	933.782	1606.81	
794.535	936.123	1602.59	
796.464	940.129	1598.86	
798.392	944.63	1598.16	
800.321	945.704	1600.33	
802.249	942.488	1601	
804.178	939.201	1597.2	
806.106	939.523	1591.59	
808.034	941.771	1588.57	
809.963	941.382	1587.97	
811.891	938.761	1585.19	
813.82	938.57	1579.51	
815.748	940.751	1575.35	
817.677	941.332	1573.41	
819.605	941.75	1570.36	
821.534	942.777	1567.73	
823.462	941.908	1565.89	
825.391	941.225	1561.82	
827.319	942.862	1557.43	
829.248	944.704	1555.32	
831.176	945.047	1554.33	
833.105	943.194	1552.86	
835.033	939.937	1548.64	
836.962	940.167	1541	
838.89	944.209	1535.12	
840.819	947.027	1532.61	
842.747	949.973	1529.31	
844.676	955.2	1527.33	
846.604	958.131	1529.66	
848.533	956.433	1531.77	
850.461	954.735	1530.2	
852.39	954.099	1528.53	
854.318	951.498	1527.35	
856.247	948.444	1523.02	
858.175	948.914	1516.35	
860.104	952.246	1511.71	
862.032	954.787	1509.81	
863.96	957.272	1508.01	
865.889	959.913	1507.67	
867.817	959.595	1509	
869.746	957.347	1508.02	
871.674	956.485	1504.59	
873.603	957.449	1501.47	
875.531	958.967	1499.87	
877.46	959.244	1499.51	
879.388	958.399	1498.75	
881.317	956.856	1497.23	
883.245	954.923	1494.49	
885.174	954.387	1490.25	
887.102	955.675	1486.48	
889.031	957.128	1484.45	
890.959	957.055	1483.09	
892.888	956.366	1480.2	
894.816	957.948	1476.05	
896.745	961.394	1474.07	
898.673	962.666	1475.16	
900.602	960.675	1475.26	
902.53	959.192	1471.88	
904.459	960.638	1467.66	
906.387	964.033	1465.68	
908.316	966.397	1466.7	
910.244	965.853	1468.59	
912.173	963.394	1468.71	
914.101	961.333	1466.67	
916.03	960.569	1464.07	
917.958	960.091	1462	
919.887	959.609	1459.79	
921.815	959.792	1457.33	
923.743	960.45	1455.55	
925.672	960.55	1454.54	
927.6	960.094	1453.32	
929.529	959.713	1451.77	
931.457	959.124	1450.31	
933.386	958.194	1448.43	
935.314	958.112	1445.79	
937.243	959.233	1443.91	
939.171	959.352	1443.86	
941.1	957.078	1443.4	
943.028	955.142	1440.16	
944.957	955.625	1436.18	
946.885	957.289	1433.98	
948.814	958.023	1433.39	
950.742	957.605	1432.63	
952.671	957.046	1431.1	
954.599	956.791	1429.3	
956.528	957.098	1427.71	
958.456	956.583	1426.88	
960.385	955.645	1425.18	
962.313	955.615	1422.8	
964.242	956.086	1421.1	
966.17	956.506	1420.01	
968.099	956.568	1419.4	
970.027	955.629	1419	
971.956	954.047	1417.68	
973.884	952.996	1415.26	
975.813	953.253	1412.77	
977.741	953.526	1411.44	
979.669	953.21	1410.28	
981.598	953.229	1408.75	
983.526	953.281	1407.89	
985.455	952.41	1407.4	
987.383	951.034	1406.13	
989.312	950.163	1404.14	
991.24	949.871	1402.37	
993.169	949.431	1401.24	
995.097	948.033	1400.2	
997.026	946.097	1397.97	
998.954	945.495	1394.36	
1000.88	946.384	1391.23	
1002.81	947.858	1389.32	
1004.74	949.182	1388.52	
1006.67	949.899	1388.58	
1008.6	949.391	1389.13	
1010.53	947.595	1389.12	
1012.45	945.541	1387.8	
1014.38	944.024	1385.69	
1016.31	942.606	1383.3	
1018.24	942.062	1379.93	
1020.17	944.178	1376.77	
1022.1	946.266	1376.97	
1024.03	945.234	1378.52	
1025.95	943.031	1377.81	
1027.88	941.727	1375.77	
1029.81	941.329	1373.98	
1031.74	940.971	1372.94	
1033.67	939.82	1372.22	
1035.6	938.098	1370.8	
1037.52	936.929	1368.53	
1039.45	936.067	1366.38	
1041.38	934.919	1363.89	
1043.31	935.915	1360.43	
1045.24	937.908	1359.4	
1047.17	937.527	1360.35	
1049.1	935.81	1359.77	
1051.02	934.397	1358.02	
1052.95	933.157	1355.95	
1054.88	932.787	1353.18	
1056.81	933.994	1350.87	
1058.74	935.233	1350.66	
1060.67	933.949	1351.56	
1062.59	931.515	1350.28	
1064.52	930.633	1347.25	
1066.45	931.143	1344.87	
1068.38	932.444	1343.69	
1070.31	932.746	1344.23	
1072.24	931.32	1344.77	
1074.17	929.366	1344.09	
1076.09	927.501	1342.8	
1078.02	925.402	1341.09	
1079.95	923.623	1338.28	
1081.88	923.738	1334.95	
1083.81	924.16	1333.33	
1085.74	923.238	1332.11	
1087.67	922.784	1329.37	
1089.59	923.85	1326.72	
1091.52	925.844	1325.58	
1093.45	926.991	1326.43	
1095.38	925.9	1327.86	
1097.31	923.439	1327.77	
1099.24	921.711	1326.03	
1101.16	920.819	1324.51	
1103.09	919.199	1323.4	
1105.02	918.072	1321.15	
1106.95	917.689	1319.16	
1108.88	916.872	1317.6	
1110.81	916.907	1315.29	
1112.74	917.638	1313.97	
1114.66	917.835	1313.85	
1116.59	916.685	1313.99	
1118.52	914.557	1313.03	
1120.45	913.494	1310.52	
1122.38	913.945	1308.56	
1124.31	914.016	1308.25	
1126.23	912.891	1308.06	
1128.16	911.786	1307.15	
1130.09	910.243	1306.52	
1132.02	907.678	1305.2	
1133.95	906.379	1302.1	
1135.88	906.401	1299.73	
1137.81	905.749	1298.42	
1139.73	905.212	1296.37	
1141.66	905.472	1294.52	
1143.59	905.411	1293.68	
1145.52	904.623	1292.8	
1147.45	904.09	1291.39	
1149.38	903.543	1290.38	
1151.3	902.256	1289.32	
1153.23	901.757	1287.32	
1155.16	901.749	1286.22	
1157.09	900.466	1285.88	
1159.02	898.435	1284.24	
1160.95	897.629	1281.29	
1162.88	898.09	1279.02	
1164.8	897.952	1277.94	
1166.73	897.677	1276.34	
1168.66	897.793	1274.74	
1170.59	898.235	1273.6	
1172.52	898.456	1273.21	
1174.45	897.685	1273.16	
1176.38	896.322	1272.35	
1178.3	895.553	1270.79	
1180.23	895.177	1269.63	
1182.16	894.517	1268.86	
1184.09	893.549	1267.95	
1186.02	892.515	1266.79	
1187.95	891.133	1265.36	
1189.87	890.728	1263.09	
1191.8	890.798	1261.59	
1193.73	890.802	1260.44	
1195.66	891.58	1259.58	
1197.59	891.46	1260.52	
1199.52	889.048	1261.47	
1201.45	885.78	1260.26	
1203.37	883.662	1257.27	
1205.3	883.32	1254.18	
1207.23	883.833	1252.35	
1209.16	883.645	1251.75	
1211.09	882.269	1250.92	
1213.02	881.389	1248.91	
1214.94	880.957	1247.24	
1216.87	880.171	1245.7	
1218.8	880.335	1243.53	
1220.73	881.006	1242.54	
1222.66	880.747	1242.56	
1224.59	879.405	1242.23	
1226.52	877.898	1240.91	
1228.44	877.1	1239.08	
1230.37	876.423	1237.63	
1232.3	875.796	1236.03	
1234.23	875.585	1234.37	
1236.16	875.563	1233.15	
1238.09	875.432	1232.32	
1240.02	874.727	1231.71	
1241.94	873.886	1230.62	
1243.87	873.313	1229.36	
1245.8	873.066	1228.35	
1247.73	872.37	1227.93	
1249.66	870.881	1227.29	
1251.59	869.463	1225.75	
1253.51	868.396	1223.93	
1255.44	867.707	1221.93	
1257.37	867.763	1219.95	
1259.3	868.107	1218.76	
1261.23	868.025	1218.16	
1263.16	867.529	1217.53	
1265.09	867.125	1216.78	
1267.01	866.395	1216.42	
1268.94	864.973	1215.91	
1270.87	863.613	1214.62	
1272.8	862.745	1213.15	
1274.73	862.172	1212.09	
1276.66	860.866	1211.56	
1278.58	858.661	1210.34	
1280.51	856.867	1207.71	
1282.44	855.978	1204.51	
1284.37	856.758	1201.15	
1286.3	858.969	1199.25	
1288.23	860.773	1199.73	
1290.16	860.287	1201.45	
1292.08	857.713	1201.94	
1294.01	855.481	1200.16	
1295.94	854.656	1197.94	
1297.87	853.968	1196.45	
1299.8	853.409	1194.7	
1301.73	853.642	1193.03	
1303.66	853.772	1192.43	
1305.58	853.012	1192.13	
1307.51	851.928	1191.23	
1309.44	851.124	1190.02	
1311.37	850.417	1189.05	
1313.3	849.253	1188.27	
1315.23	847.527	1186.97	
1317.15	846.058	1184.55	
1319.08	846.042	1181.5	
1321.01	847.61	1179.48	
1322.94	848.51	1179.64	
1324.87	847.599	1180.01	
1326.8	846.755	1179.03	
1328.73	846.284	1178.34	
1330.65	844.982	1178.06	
1332.58	843.455	1176.83	
1334.51	842.555	1175.12	
1336.44	841.745	1173.74	
1338.37	840.997	1172.16	
1340.3	840.697	1170.49	
1342.22	840.606	1169.23	
1344.15	840.438	1168.34	
1346.08	840.087	1167.75	
1348.01	838.966	1167.42	
1349.94	836.957	1166.33	
1351.87	835.593	1163.7	
1353.8	835.923	1160.84	
1355.72	837.333	1159.38	
1357.65	837.863	1159.7	
1359.58	836.654	1160.06	
1361.51	835.067	1158.95	
1363.44	834.399	1157.12	
1365.37	834.41	1155.88	
1367.3	833.953	1155.46	
1369.22	832.512	1154.8	
1371.15	831.382	1152.96	
1373.08	831.158	1151.06	
1375.01	831.042	1149.82	
1376.94	830.623	1148.6	
1378.87	830.918	1147.02	
1380.79	831.832	1146.47	
1382.72	831.504	1147.37	
1384.65	829.275	1147.67	
1386.58	827.333	1145.89	
1388.51	826.882	1143.76	
1390.44	826.706	1142.73	
1392.37	825.916	1142.06	
1394.29	824.706	1140.91	
1396.22	823.902	1139.1	
1398.15	824.156	1137.43	
1400.08	824.025	1137.09	
1402.01	822.621	1136.68	
1403.94	821.261	1134.94	
1405.86	820.812	1132.76	
1407.79	821.148	1131.01	
1409.72	821.689	1130.05	
1411.65	822.191	1129.87	
1413.58	821.479	1130.61	
1415.51	819.035	1130.69	
1417.44	816.668	1128.68	
1419.36	815.841	1125.77	
1421.29	816.111	1123.52	
1423.22	816.597	1122.15	
1425.15	816.976	1121.32	
1427.08	817.091	1121.01	
1429.01	816.178	1121.11	
1430.93	814.203	1120.35	
1432.86	812.932	1117.92	
1434.79	813.355	1115.42	
1436.72	814.161	1114.38	
1438.65	814.294	1114.09	
1440.58	813.926	1113.65	
1442.51	813.421	1113.04	
1444.43	812.843	1112.38	
1446.36	812.352	1111.7	
1448.29	811.518	1111.31	
1450.22	810.067	1110.62	
1452.15	808.742	1109.02	
1454.08	808.226	1107.02	
1456.01	808.326	1105.48	
1457.93	808.28	1104.52	
1459.86	808.232	1103.57	
1461.79	808.255	1102.89	
1463.72	807.988	1102.61	
1465.65	807.28	1102.38	
1467.58	806.252	1102	
1469.5	804.791	1101.36	
1471.43	803.285	1100.02	
1473.36	802.541	1098.18	
1475.29	802.221	1096.88	
1477.22	801.37	1096.01	
1479.15	800.225	1094.56	
1481.08	799.686	1092.51	
1483	799.856	1090.76	
1484.93	799.943	1089.7	
1486.86	799.926	1088.71	
1488.79	799.915	1087.95	
1490.72	799.342	1087.52	
1492.65	798.283	1086.59	
1494.57	797.614	1084.91	
1496.5	797.691	1083.26	
1498.43	798.048	1082.27	
1500.36	797.916	1081.79	
1502.29	797.439	1080.99	
1504.22	797.583	1079.92	
1506.15	797.592	1079.76	
1508.07	796.508	1079.76	
1510	795.291	1078.65	
1511.93	794.845	1077.07	
1513.86	794.972	1075.99	
1515.79	794.906	1075.64	
1517.72	794.121	1075.49	
1519.65	792.774	1074.79	
1521.57	791.823	1073.21	
1523.5	791.794	1071.67	
1525.43	791.86	1071.05	
1527.36	790.989	1070.84	
1529.29	789.677	1069.72	
1531.22	789.195	1067.79	
1533.14	789.83	1066.38	
1535.07	790.021	1066.43	
1537	788.752	1066.56	
1538.93	787.2	1065.27	
1540.86	786.684	1063.18	
1542.79	787.166	1061.61	
1544.72	787.762	1061.11	
1546.64	787.577	1061.31	
1548.57	786.483	1061.27	
1550.5	785.252	1060.43	
1552.43	784.399	1059.24	
1554.36	783.658	1058.12	
1556.29	782.976	1056.84	
1558.21	782.845	1055.4	
1560.14	783.011	1054.59	
1562.07	782.494	1054.41	
1564	781.281	1053.72	
1565.93	780.547	1052.13	
1567.86	780.613	1050.78	
1569.79	780.352	1050.22	
1571.71	779.716	1049.4	
1573.64	779.352	1048.22	
1575.57	779.306	1047.28	
1577.5	779.121	1046.71	
1579.43	778.821	1046.2	
1581.36	778.263	1045.84	
1583.29	777.354	1045.37	
1585.21	776.434	1044.55	
1587.14	775.45	1043.62	
1589.07	774.548	1042.33	
1591	774.19	1040.83	
1592.93	774.185	1039.79	
1594.86	773.884	1039.28	
1596.78	772.912	1038.69	
1598.71	772.102	1037.34	
1600.64	771.801	1035.96	
1602.57	771.562	1034.89	
1604.5	771.412	1033.82	
1606.43	771.533	1032.95	
1608.36	771.265	1032.6	
1610.28	770.663	1032.01	
1612.21	770.292	1031.19	
1614.14	769.734	1030.7	
1616.07	768.859	1029.98	
1618	768.36	1028.87	
1619.93	767.982	1028.17	
1621.85	766.95	1027.67	
1623.78	765.671	1026.34	
1625.71	765.312	1024.27	
1627.64	765.827	1022.78	
1629.57	766.211	1022.24	
1631.5	766.054	1021.97	
1633.43	765.583	1021.54	
1635.35	764.931	1020.99	
1637.28	763.999	1020.17	
1639.21	763.552	1018.71	
1641.14	763.899	1017.57	
1643.07	763.999	1017.42	
1645	763.125	1017.35	
1646.93	762.179	1016.33	
1648.85	762.191	1015.02	
1650.78	762.345	1014.71	
1652.71	761.701	1014.87	
1654.64	760.384	1014.55	
1656.57	758.969	1013.38	
1658.5	758.591	1011.54	
1660.42	759.116	1010.54	
1662.35	758.756	1010.83	
1664.28	757.228	1010.61	
1666.21	755.811	1009.12	
1668.14	755.338	1007.16	
1670.07	755.72	1005.69	
1672	756.032	1005.18	
1673.92	755.59	1005.03	
1675.85	754.704	1004.37	
1677.78	754.249	1003.2	
1679.71	753.997	1002.36	
1681.64	753.605	1001.67	
1683.57	753.064	1000.88	
1685.49	752.724	999.853	
1687.42	752.82	999.012	
1689.35	752.667	998.873	
1691.28	751.685	998.772	
1693.21	750.624	997.863	
1695.14	750.022	996.719	
1697.07	749.266	995.776	
1698.99	748.804	994.298	
1700.92	749.271	992.921	
1702.85	749.799	992.704	
1704.78	749.455	993.111	
1706.71	748.166	993.158	
1708.64	746.737	992.237	
1710.57	746.097	990.762	
1712.49	745.838	989.806	
1714.42	745.196	989.195	
1716.35	744.441	988.197	
1718.28	743.938	987.011	
1720.21	743.555	985.911	
1722.14	743.436	984.816	
1724.06	743.279	984.063	
1725.99	742.747	983.288	
1727.92	742.649	981.97	
1729.85	743.204	981.054	
1731.78	743.573	981.036	
1733.71	743.459	981.347	
1735.64	742.599	981.798	
1737.56	741.027	981.744	
1739.49	739.536	980.775	
1741.42	738.563	979.447	
1743.35	737.874	978.201	
1745.28	737.4	976.928	
1747.21	737.386	975.744	
1749.13	737.424	975.195	
1751.06	736.83	975.039	
1752.99	735.561	974.406	
1754.92	734.76	972.79	
1756.85	734.871	971.226	
1758.78	735.418	970.447	
1760.71	735.563	970.512	
1762.63	734.909	970.787	
1764.56	733.578	970.641	
1766.49	732.079	969.722	
1768.42	731.069	968.143	
1770.35	730.763	966.535	
1772.28	730.878	965.402	
1774.2	730.714	964.838	
1776.13	730.041	964.151	
1778.06	729.703	962.882	
1779.99	729.88	961.859	
1781.92	729.989	961.431	
1783.85	729.717	961.202	
1785.78	729.285	960.861	
1787.7	728.548	960.538	
1789.63	727.815	959.868	
1791.56	727.218	959.178	
1793.49	726.386	958.554	
1795.42	725.682	957.499	
1797.35	725.604	956.48	
1799.28	725.34	956.313	
1801.2	723.896	956.237	
1803.13	722.243	954.744	
1805.06	722.059	952.395	
1806.99	722.744	951.12	
1808.92	723.012	950.868	
1810.85	722.522	950.656	
1812.77	722.119	949.936	
1814.7	721.67	949.466	
1816.63	720.619	948.861	
1818.56	720.196	947.275	
1820.49	720.841	946.156	
1822.42	721.093	946.405	
1824.35	720.157	946.785	
1826.27	718.854	946.227	
1828.2	717.876	945.105	
1830.13	717.386	943.874	
1832.06	717.372	942.924	
1833.99	717.106	942.639	
1835.92	716.172	942.336	
1837.84	715.279	941.388	
1839.77	714.667	940.414	
1841.7	713.726	939.543	
1843.63	712.899	937.918	
1845.56	713.423	935.965	
1847.49	714.571	935.504	
1849.42	714.157	936.338	
1851.34	712.881	936.015	
1853.27	712.19	934.88	
1855.2	711.729	934.073	
1857.13	711.4	933.304	
1859.06	710.988	932.808	
1860.99	710.153	932.347	
1862.92	709.274	931.415	
1864.84	708.648	930.275	
1866.77	708.226	929.17	
1868.7	707.949	928.114	
1870.63	707.846	927.181	
1872.56	707.725	926.508	
1874.49	707.478	925.966	
1876.41	707.083	925.485	
1878.34	706.566	925.027	
1880.27	705.713	924.605	
1882.2	704.27	923.772	
1884.13	703.336	921.778	
1886.06	703.709	919.679	
1887.99	704.647	918.675	
1889.91	705.067	918.601	
1891.84	704.803	918.536	
1893.77	704.486	918.112	
1895.7	704.058	917.826	
1897.63	703.174	917.437	
1899.56	702.48	916.377	
1901.48	702.34	915.277	
1903.41	702.402	914.637	
1905.34	702.111	914.339	
1907.27	701.775	913.849	
1909.2	701.295	913.525	
1911.13	700.312	913.066	
1913.06	699.738	911.83	
1914.98	699.925	910.857	
1916.91	699.826	910.796	
1918.84	698.923	910.707	
1920.77	698.142	909.91	
1922.7	697.384	909.233	
1924.63	696.335	908.303	
1926.56	695.97	906.694	
1928.48	696.092	905.582	
1930.41	696.097	904.862	
1932.34	696.328	904.141	
1934.27	696.503	904.008	
1936.2	696.049	904.223	
1938.13	695.002	904.078	
1940.05	694.056	903.274	
1941.98	693.589	902.385	
1943.91	692.959	901.903	
1945.84	692.012	901.201	
1947.77	691.167	900.001	
1949.7	690.822	898.53	
1951.63	691.305	897.325	
1953.55	691.56	897.249	
1955.48	690.727	897.347	
1957.41	689.827	896.422	
1959.34	689.7	895.314	
1961.27	689.491	894.97	
1963.2	688.683	894.621	
1965.12	687.879	893.661	
1967.05	687.382	892.507	
1968.98	687.297	891.385	
1970.91	687.379	890.634	
1972.84	687.283	890.166	
1974.77	687.199	889.707	
1976.7	686.972	889.554	
1978.62	686.254	889.518	
1980.55	685.192	889.092	
1982.48	684.187	888.199	
1984.41	683.402	887.056	
1986.34	682.908	885.763	
1988.27	682.933	884.479	
1990.19	683.229	883.734	
1992.12	683.14	883.525	
1994.05	682.591	883.2	
1995.98	682.077	882.5	
1997.91	681.733	881.816	
1999.84	681.271	881.252	
2001.77	680.914	880.511	
2003.69	680.729	879.938	
2005.62	680.271	879.675	
2007.55	679.523	879.261	
2009.48	678.646	878.559	
2011.41	677.932	877.526	
2013.34	677.5	876.391	
2015.27	677.511	875.317	
2017.19	677.775	874.81	
2019.12	677.278	874.961	
2021.05	676.138	874.521	
2022.98	675.449	873.313	
2024.91	675.283	872.367	
2026.84	674.855	871.927	
2028.76	673.95	871.256	
2030.69	673.344	869.915	
2032.62	673.469	868.64	
2034.55	673.641	868.127	
2036.48	673.26	867.914	
2038.41	672.515	867.354	
2040.34	671.82	866.346	
2042.26	671.588	865.078	
2044.19	671.914	864.096	
2046.12	672.099	863.884	
2048.05	671.492	863.853	
2049.98	670.735	863.095	
2051.91	670.624	862.059	
2053.83	670.672	861.707	
2055.76	669.907	861.71	
2057.69	668.931	860.898	
2059.62	668.53	859.67	
2061.55	668.549	858.824	
2063.48	668.406	858.486	
2065.41	667.662	858.214	
2067.33	666.743	857.3	
2069.26	666.474	855.931	
2071.19	666.709	855.049	
2073.12	666.569	854.808	
2075.05	665.926	854.369	
2076.98	665.411	853.403	
2078.91	665.384	852.395	
2080.83	665.549	851.847	
2082.76	665.424	851.712	
2084.69	664.889	851.58	
2086.62	664.02	851.174	
2088.55	663.249	850.272	
2090.48	662.982	849.2	
2092.4	663.069	848.556	
2094.33	662.753	848.524	
2096.26	661.675	848.345	
2098.19	660.498	847.309	
2100.12	659.99	845.753	
2102.05	660.165	844.481	
2103.97	660.47	843.896	
2105.9	660.265	843.8	
2107.83	659.379	843.471	
2109.76	658.664	842.338	
2111.69	658.712	841.125	
2113.62	658.76	840.647	
2115.55	658.341	840.268	
2117.48	657.984	839.518	
2119.4	657.73	838.884	
2121.33	657.322	838.33	
2123.26	656.977	837.59	
2125.19	656.647	836.907	
2127.12	656.416	836.155	
2129.05	656.376	835.532	
2130.97	656.132	835.271	
2132.9	655.427	834.926	
2134.83	654.765	834.022	
2136.76	654.755	832.969	
2138.69	654.831	832.608	
2140.62	654.426	832.554	
2142.54	653.555	832.277	
2144.47	652.524	831.485	
2146.4	651.976	830.211	
2148.33	651.742	829.15	
2150.26	651.606	828.202	
2152.19	651.778	827.329	
2154.12	651.96	826.997	
2156.04	651.571	826.997	
2157.97	650.772	826.632	
2159.9	650.036	825.819	
2161.83	649.601	824.853	
2163.76	649.342	824.051	
2165.69	648.93	823.413	
2167.62	648.333	822.563	
2169.54	648.066	821.317	
2171.47	648.42	820.225	
2173.4	648.816	819.91	
2175.33	648.525	820.016	
2177.26	647.693	819.716	
2179.19	646.792	818.799	
2181.12	646.371	817.328	
2183.04	647.036	815.885	
2184.97	647.955	815.657	
2186.9	648.043	816.231	
2188.83	647.356	816.552	
2190.76	646.486	816.401	
2192.69	645.391	816.098	
2194.61	643.977	815.275	
2196.54	643.182	813.519	
2198.47	643.534	811.883	
2200.4	643.9	811.339	
2202.33	643.684	810.971	
2204.26	643.71	810.203	
2206.19	643.726	809.946	
2208.11	643.051	809.791	
2210.04	642.579	808.824	
2211.97	642.777	808.001	
2213.9	642.659	807.957	
2215.83	642.007	807.729	
2217.76	641.378	807.003	
2219.68	641.103	806.127	
2221.61	641.141	805.502	
2223.54	640.991	805.35	
2225.47	640.319	805.236	
2227.4	639.534	804.663	
2229.33	638.931	803.912	
2231.26	638.281	803.216	
2233.18	637.493	802.259	
2235.11	637.255	800.822	
2237.04	637.603	799.775	
2238.97	637.766	799.408	
2240.9	637.53	799.073	
2242.83	637.25	798.5	
2244.75	637.08	797.914	
2246.68	636.882	797.438	
2248.61	636.745	796.959	
2250.54	636.609	796.691	
2252.47	636.156	796.632	
2254.4	635.353	796.427	
2256.33	634.33	795.906	
2258.25	633.129	794.892	
2260.18	632.675	793.082	
2262.11	633.327	791.632	
2264.04	633.848	791.423	
2265.97	633.544	791.461	
2267.9	633.039	790.951	
2269.83	632.707	790.268	
2271.75	632.611	789.655	
2273.68	632.455	789.376	
2275.61	631.99	789.224	
2277.54	631.249	788.972	
2279.47	629.972	788.489	
2281.4	628.769	787.026	
2283.32	628.586	784.969	
2285.25	629.346	783.454	
2287.18	630.295	782.92	
2289.11	630.729	783.109	
2291.04	630.536	783.42	
2292.97	629.625	783.547	
2294.9	628.438	782.838	
2296.82	628.077	781.371	
2298.75	628.515	780.468	
2300.68	628.433	780.524	
2302.61	627.527	780.244	
2304.54	627.045	778.986	
2306.47	627.504	777.981	
2308.39	627.605	778.115	
2310.32	626.611	778.14	
2312.25	625.799	776.954	
2314.18	625.995	775.663	
2316.11	626.284	775.316	
2318.04	625.982	775.267	
2319.97	625.191	774.82	
2321.89	624.68	773.635	
2323.82	625.236	772.386	
2325.75	626.03	772.367	
2327.68	625.761	773.177	
2329.61	624.521	773.396	
2331.54	623.41	772.66	
2333.47	622.733	771.808	
2335.39	621.744	771.111	
2337.32	620.961	769.636	
2339.25	621.1	767.974	
2341.18	621.688	767.078	
2343.11	621.993	766.867	
2345.04	621.658	766.794	
2346.96	620.991	766.231	
2348.89	620.778	765.176	
2350.82	620.96	764.495	
2352.75	620.671	764.294	
2354.68	619.999	763.573	
2356.61	620.177	762.228	
2358.54	620.802	761.756	
2360.46	620.778	761.961	
2362.39	620.344	761.785	
2364.32	620.017	761.366	
2366.25	619.69	761.102	
2368.18	619.035	760.9	
2370.11	618.034	760.319	
2372.03	617.28	759.005	
2373.96	617.515	757.439	
2375.89	618.301	756.73	
2377.82	618.66	756.906	
2379.75	618.385	757.179	
2381.68	617.565	757.256	
2383.61	616.326	756.793	
2385.53	615.348	755.457	
2387.46	615.289	753.754	
2389.39	616.037	752.609	
2391.32	616.727	752.458	
2393.25	616.591	752.739	
2395.18	616.073	752.47	
2397.1	616.001	751.874	
2399.03	615.948	751.863	
2400.96	615.117	752.081	
2402.89	613.888	751.509	
2404.82	613.005	750.168	
2406.75	613.036	748.54	
2408.68	613.943	747.547	
2410.6	614.511	747.816	
2412.53	614.042	748.336	
2414.46	613.119	748.225	
2416.39	611.932	747.679	
2418.32	610.826	746.315	
2420.25	610.955	744.237	
2422.18	612.349	743.077	
2424.1	613.167	743.652	
2426.03	612.685	744.345	
2427.96	611.841	744.17	
2429.89	611.086	743.637	
2431.82	610.46	742.849	
2433.75	610.266	741.849	
2435.67	610.46	741.172	
2437.6	610.443	741.032	
2439.53	609.942	740.885	
2441.46	609.389	740.294	
2443.39	609.288	739.581	
2445.32	609.113	739.454	
2447.25	608.1	739.426	
2449.17	606.734	738.357	
2451.1	606.439	736.267	
2453.03	607.414	734.727	
2454.96	608.264	734.507	
2456.89	608.629	734.535	
2458.82	608.835	734.647	
2460.74	608.37	735.074	
2462.67	607.284	734.853	
2464.6	606.963	733.641	
2466.53	607.566	733.012	
2468.46	607.71	733.597	
2470.39	606.7	734.229	
2472.32	605.219	733.901	
2474.24	604.087	732.801	
2476.17	603.455	731.507	
2478.1	603.186	730.226	
2480.03	603.501	729.024	
2481.96	604.087	728.575	
2483.89	603.761	728.86	
2485.82	602.812	728.391	
2487.74	602.242	727.109	
2489.67	602.45	725.739	
2491.6	603.35	724.949	
2493.53	603.877	725.294	
2495.46	603.222	725.806	
2497.39	602.243	725.248	
2499.31	602.032	724.09	
2501.24	602.423	723.488	
2503.17	602.333	723.701	
2505.1	601.179	723.644	
2507.03	600.359	722.145	
2508.96	601.07	720.425	
2510.89	602.304	720.171	
2512.81	602.637	720.93	
2514.74	602.245	721.418	
2516.67	601.593	721.602	
2518.6	600.708	721.603	
2520.53	599.695	721.238	
2522.46	598.843	720.472	
2524.39	598.295	719.541	
2526.31	598.065	718.631	
2528.24	598.194	717.947	
2530.17	598.26	717.897	
2532.1	597.362	718.203	
2534.03	595.819	717.501	
2535.96	595.349	715.599	
2537.88	596.008	714.405	
2539.81	596.104	714.445	
2541.74	595.541	714.144	
2543.67	595.121	713.336	
2545.6	594.773	712.574	
2547.53	594.611	711.614	
2549.46	594.853	710.73	
2551.38	595.076	710.324	
2553.31	595.04	710.038	
2555.24	594.915	709.627	
2557.17	594.824	709.167	
2559.1	594.942	708.733	
2561.03	595.052	708.711	
2562.95	594.526	708.992	
2564.88	593.452	708.69	
2566.81	592.891	707.525	
2568.74	593.122	706.573	
2570.67	593.32	706.432	
2572.6	592.819	706.518	
2574.53	592.073	706.002	
2576.45	591.723	705.11	
2578.38	591.586	704.453	
2580.31	591.374	703.889	
2582.24	591.426	703.213	
2584.17	591.509	702.968	
2586.1	591.222	702.977	
2588.02	590.509	702.825	
2589.95	589.422	702.169	
2591.88	589.063	700.594	
2593.81	589.88	699.436	
2595.74	590.288	699.733	
2597.67	589.557	700.015	
2599.6	588.617	699.279	
2601.52	588.235	698.004	
2603.45	588.614	696.824	
2605.38	589.327	696.357	
2607.31	589.581	696.592	
2609.24	589.164	696.757	
2611.17	588.738	696.407	
2613.1	588.3	696.085	
2615.02	587.701	695.562	
2616.95	587.435	694.568	
2618.88	587.909	693.69	
2620.81	588.487	693.75	
2622.74	588.022	694.388	
2624.67	586.918	694.098	
2626.59	586.789	692.888	
2628.52	587.265	692.585	
2630.45	587.041	693.098	
2632.38	586.121	693.219	
2634.31	585.126	692.689	
2636.24	584.62	691.788	
2638.17	584.388	691.189	
2640.09	583.885	690.825	
2642.02	583.411	690.146	
2643.95	583.004	689.542	
2645.88	582.199	688.894	
2647.81	581.728	687.389	
2649.74	582.481	685.806	
2651.66	583.616	685.512	
2653.59	584.042	686.111	
2655.52	583.569	686.662	
2657.45	582.785	686.626	
2659.38	582.153	686.285	
2661.31	581.311	686.014	
2663.24	580.219	685.226	
2665.16	579.862	683.669	
2667.09	580.39	682.523	
2669.02	580.831	682.307	
2670.95	580.777	682.284	
2672.88	580.632	682.075	
2674.81	580.316	682.024	
2676.74	579.542	681.859	
2678.66	578.906	681.025	
2680.59	578.903	680.118	
2682.52	578.799	679.803	
2684.45	578.45	679.308	
2686.38	578.645	678.557	
2688.3	578.86	678.63	
2690.23	578.098	679.024	
2692.16	577.012	678.439	
2694.09	576.556	677.231	
2696.02	576.835	676.276	
2697.95	577.31	676.118	
2699.88	576.979	676.67	
2701.81	575.68	676.765	
2703.73	574.452	675.704	
2705.66	574.018	674.162	
2707.59	574.45	672.889	
2709.52	575.239	672.57	
2711.45	574.987	673.26	
2713.38	573.523	673.282	
2715.3	572.389	671.835	
2717.23	572.244	670.127	
2719.16	572.697	668.878	
2721.09	573.331	668.153	
2723.02	573.816	667.879	
2724.95	574.046	667.834	
2726.87	573.768	667.897	
2728.8	573.11	667.48	
2730.73	572.928	666.365	
2732.66	573.542	665.44	
2734.59	574.279	665.38	
2736.52	574.483	665.856	
2738.45	574.028	666.289	
2740.38	573.06	666.226	
2742.3	572.389	665.296	
2744.23	572.745	664.221	
2746.16	573.411	664.184	
2748.09	573.301	664.85	
2750.02	572.513	665.112	
2751.95	571.759	664.763	
2753.87	571.405	664.275	
2755.8	571.267	664.167	
2757.73	570.495	664.56	
2759.66	568.841	664.39	
2761.59	567.661	662.871	
2763.52	567.648	661.274	
2765.45	567.836	660.581	
2767.37	567.561	660.079	
2769.3	567.453	659.056	
2771.23	568.178	658.157	
2773.16	568.916	658.477	
2775.09	568.271	659.498	
2777.02	566.596	659.404	
2778.94	565.479	657.841	
2780.87	565.698	656.06	
2782.8	566.743	655.235	
2784.73	567.507	655.63	
2786.66	567.109	656.543	
2788.59	565.671	656.743	
2790.51	564.504	655.619	
2792.44	564.328	654.196	
2794.37	564.586	653.34	
2796.3	565.056	652.825	
2798.23	565.53	652.927	
2800.16	565.178	653.643	
2802.09	563.999	653.899	
2804.01	562.697	653.31	
2805.94	561.615	652.148	
2807.87	561.43	650.516	
2809.8	562.042	649.544	
2811.73	562.06	649.65	
2813.66	561.09	649.382	
2815.59	560.344	647.851	
2817.51	561.043	645.908	
2819.44	562.692	645.219	
2821.37	563.734	646.046	
2823.3	563.636	647.142	
2825.23	562.868	647.817	
2827.16	561.39	648.068	
2829.09	559.981	647.085	
2831.01	560.038	645.492	
2832.94	560.513	645.294	
2834.87	559.899	645.748	
2836.8	559.006	645.314	
2838.73	558.184	644.679	
2840.66	557.372	643.75	
2842.58	557.227	642.439	
2844.51	557.145	641.735	
2846.44	556.773	640.892	
2848.37	557.022	639.522	
2850.3	557.802	638.733	
2852.23	558.657	638.611	
2854.16	559.021	639.124	
2856.08	558.695	639.652	
2858.01	558.396	639.836	
2859.94	557.551	640.534	
2861.87	555.29	640.749	
2863.8	553.31	638.746	
2865.73	553.496	635.873	
2867.66	555.044	634.543	
2869.58	556.002	634.869	
2871.51	556.108	635.346	
2873.44	555.574	635.715	
2875.37	554.43	635.607	
2877.3	553.693	634.5	
2879.23	553.787	633.441	
2881.15	553.878	633.085	
2883.08	553.85	632.777	
2885.01	553.854	632.694	
2886.94	552.931	633.034	
2888.87	551.536	632.247	
2890.8	551.296	630.503	
2892.73	551.656	629.667	
2894.65	551.467	629.354	
2896.58	551.24	628.468	
2898.51	551.517	627.529	
2900.44	552.04	627.11	
2902.37	552.238	627.226	
2904.3	551.756	627.354	
2906.22	551.28	626.818	
2908.15	551.281	626.271	
2910.08	550.921	626.295	
2912.01	550.029	625.894	
2913.94	549.66	624.701	
2915.87	549.877	623.821	
2917.8	550.058	623.467	
2919.72	550.065	623.243	
2921.65	549.757	623.124	
2923.58	549.152	622.747	
2925.51	548.724	621.899	
2927.44	548.808	621.005	
2929.37	549.034	620.593	
2931.29	548.916	620.469	
2933.22	548.515	620.154	
2935.15	548.175	619.56	
2937.08	548.01	618.925	
2939.01	547.932	618.369	
2940.94	547.874	617.883	
2942.87	547.804	617.446	
2944.79	547.686	617.039	
2946.72	547.535	616.613	
2962.15	546.32	613.132	
2977.58	545.058	609.673	
2993.01	543.78	606.172	
3008.43	542.699	602.555	
3023.86	542.155	599.097	
3039.29	541.28	596.482	
3054.72	540.103	593.71	
3070.14	538.823	590.921	
3085.57	537.501	588.094	
3101	536.159	585.27	
3116.43	534.806	582.452	
3131.86	533.422	579.656	
3147.28	532.029	576.841	
3162.71	530.638	574.039	
3178.14	529.257	571.255	
3193.57	527.85	568.495	
3209	526.446	565.723	
3224.42	525.053	562.969	
3239.85	523.67	560.233	
3255.28	522.275	557.526	
3270.71	520.888	554.811	
3286.14	519.519	552.117	
3301.56	518.175	549.448	
3316.99	516.834	546.815	
3332.42	515.537	544.193	
3347.85	514.4	541.665	
3363.28	513.079	539.503	
3378.7	511.534	537.3	
3394.13	509.856	535.056	
3409.56	508.06	532.756	
3424.99	506.124	530.366	
3440.41	504.155	527.781	
3455.84	502.224	525.063	
3471.27	500.339	522.243	
3486.7	498.564	519.311	
3502.13	496.911	516.367	
3517.55	495.357	513.443	
3532.98	493.848	510.58	
3548.41	492.355	507.739	
3563.84	490.873	504.917	
3579.27	489.375	502.102	
3594.69	487.88	499.237	
3610.12	486.455	496.315	
3625.55	485.144	493.403	
3640.98	483.845	490.596	
3656.4	482.509	487.786	
3671.83	481.165	484.903	
3687.26	480.01	481.902	
3702.69	479.046	479.052	
3718.12	478.081	476.421	
3733.54	477.01	473.893	
3748.97	475.878	471.347	
3764.4	474.728	468.805	
3779.83	473.555	466.264	
3795.26	472.391	463.7	
3810.68	471.27	461.148	
3826.11	470.129	458.657	
3841.54	468.959	456.165	
3856.97	467.77	453.656	
3872.39	466.605	451.112	
3887.82	465.489	448.583	
3903.25	464.337	446.107	
3918.68	463.202	443.575	
3934.11	462.09	441.066	
3949.53	460.991	438.556	
3964.96	459.918	436.05	
3980.39	458.863	433.566	
3995.82	457.823	431.099	
4011.25	456.786	428.646	
4026.67	455.775	426.197	
4042.1	454.775	423.783	
4057.53	453.781	421.383	
4072.96	452.811	419.003	
4088.38	451.82	416.679	
4103.81	450.805	414.355	
4119.24	449.789	412.023	
4134.67	448.772	409.701	
4150.1	447.763	407.376	
4165.52	446.756	405.062	
4180.95	445.773	402.75	
4196.38	444.756	400.487	
4211.81	443.733	398.179	
4227.24	442.728	395.873	
4242.66	441.735	393.565	
4258.09	440.773	391.263	
4273.52	439.797	388.998	
4288.95	438.823	386.712	
4304.38	437.872	384.428	
4319.8	436.943	382.164	
4335.23	435.998	379.935	
4350.66	435.06	377.687	
4366.09	434.12	375.464	
4381.51	433.175	373.232	
4396.94	432.257	370.988	
4412.37	431.352	368.776	
4427.8	430.43	366.582	
4443.23	429.513	364.367	
4458.65	428.619	362.156	
4474.08	427.75	359.963	
4489.51	426.863	357.819	
4504.94	425.95	355.66	
4520.37	425.06	353.472	
4535.79	424.19	351.315	
4551.22	423.297	349.174	
4566.65	422.417	347.002	
4582.08	421.559	344.847	
4597.5	420.709	342.704	
4612.93	419.868	340.572	
4628.36	419.022	338.463	
4643.79	418.175	336.347	
4659.22	417.331	334.241	
4674.64	416.494	332.131	
4690.07	415.668	330.033	
4705.5	414.841	327.944	
4720.93	414.033	325.855	
4736.35	413.217	323.8	
4751.78	412.4	321.739	
4767.21	411.566	319.694	
4782.64	410.743	317.619	
4798.07	409.942	315.559	
4813.49	409.161	313.513	
4828.92	408.347	311.521	
4844.35	407.512	309.488	
4859.78	406.697	307.442	
4875.21	405.901	305.409	
4890.63	405.098	303.396	
4906.06	404.272	301.384	
4921.49	403.463	299.33	
4936.92	402.68	297.291	
4952.35	401.908	295.264	
4967.77	401.129	293.256	
4983.2	400.355	291.23	
4998.63	399.586	289.213	
5014.06	398.845	287.185	
5029.48	398.111	285.193	
5044.91	397.365	283.205	
5060.34	396.632	281.202	
5075.77	395.926	279.214	
5091.2	395.225	277.26	
5106.62	394.511	275.322	
5122.05	393.788	273.389	
5137.48	393.073	271.452	
5152.91	392.348	269.545	
5168.34	391.609	267.628	
5183.76	390.875	265.706	
5199.19	390.144	263.791	
5214.62	389.409	261.882	
5230.05	388.662	259.977	
5245.47	387.918	258.054	
5260.9	387.18	256.138	
5276.33	386.443	254.218	
5291.76	385.702	252.303	
5307.19	384.965	250.37	
5322.61	384.243	248.435	
5338.04	383.529	246.508	
5353.47	382.808	244.587	
5368.9	382.098	242.637	
5384.33	381.42	240.688	
5399.75	380.76	238.762	
5415.18	380.105	236.855	
5430.61	379.439	234.964	
5446.04	378.777	233.055	
5461.46	378.14	231.158	
5476.89	377.503	229.29	
5492.32	376.851	227.437	
5507.75	376.19	225.575	
5523.18	375.531	223.708	
5538.6	374.891	221.838	
5554.03	374.255	219.997	
5569.46	373.597	218.17	
5584.89	372.93	216.323	
5600.32	372.275	214.472	
5615.74	371.609	212.636	
5631.17	370.952	210.771	
5646.6	370.296	208.924	
5662.03	369.655	207.049	
5677.46	369.035	205.194	
5692.88	368.424	203.357	
5708.31	367.793	201.545	
5723.74	367.149	199.713	
5739.17	366.507	197.874	
5754.59	365.878	196.02	
5770.02	365.264	194.171	
5785.45	364.664	192.33	
5800.88	364.065	190.504	
5816.31	363.469	188.672	
5831.73	362.88	186.856	
5847.16	362.292	185.044	
5862.59	361.692	183.247	
5878.02	361.092	181.431	
5893.44	360.496	179.62	
5908.87	359.917	177.791	
5924.3	359.351	175.991	
5939.73	358.786	174.194	
5955.16	358.212	172.422	
5970.58	357.631	170.631	
5986.01	357.045	168.854	
6001.44	356.467	167.048	
6016.87	355.901	165.258	
6032.3	355.351	163.46	
6047.72	354.801	161.699	
6063.15	354.24	159.93	
6078.58	353.683	158.164	
6094.01	353.128	156.4	
6109.44	352.57	154.651	
6124.86	351.996	152.903	
6140.29	351.417	151.137	
6155.72	350.851	149.362	
6171.15	350.279	147.601	
6186.57	349.708	145.81	
6202	349.162	144.011	
6217.43	348.641	142.226	
6232.86	348.115	140.465	
6248.29	347.6	138.685	
6263.71	347.095	136.939	
6279.14	346.587	135.195	
6294.57	346.071	133.474	
6310	345.541	131.745	
6325.43	345.006	130.016	
6340.85	344.476	128.268	
6356.28	343.96	126.532	
6371.71	343.443	124.808	
6387.14	342.911	123.097	
6402.56	342.371	121.366	
6417.99	341.821	119.647	
6433.42	341.263	117.886	
6448.85	340.73	116.114	
6464.28	340.21	114.343	
6479.7	339.706	112.561	
6495.13	339.233	110.789	
6510.56	338.763	109.05	
6525.99	338.282	107.311	
6541.42	337.815	105.561	
6556.84	337.36	103.842	
6572.27	336.893	102.135	
6587.7	336.411	100.44	
6603.13	335.911	98.7353	
6618.55	335.396	97.0208	
6633.98	334.889	95.2616	
6649.41	334.417	93.4985	
6664.84	333.975	91.7424	
6680.27	333.541	90.0282	
6695.69	333.082	88.3265	
6711.12	332.61	86.6033	
6726.55	332.163	84.8539	
6741.98	331.735	83.1443	
6757.41	331.292	81.4352	
6772.83	330.849	79.7132	
6788.26	330.427	77.9863	
6803.69	330.032	76.2753	
6819.12	329.642	74.6167	
6834.54	329.201	72.9973	
6849.97	328.705	71.3403	
6865.4	328.203	69.6266	
6880.83	327.746	67.8694	
6896.26	327.34	66.134	
6911.68	326.951	64.4371	
6927.11	326.531	62.7878	
6942.54	326.084	61.096	
6957.97	325.651	59.4094	
6973.4	325.204	57.7338	
6988.82	324.74	56.0361	
7004.25	324.279	54.3114	
7019.68	323.831	52.5688	
7035.11	323.403	50.8061	
7050.53	323.017	49.0289	
7065.96	322.656	47.2985	
7081.39	322.287	45.5648	
7096.82	321.933	43.8336	
7112.25	321.586	42.1183	
7127.67	321.246	40.3956	
7143.1	320.929	38.6841	
7158.53	320.615	37.0128	
7173.96	320.279	35.3416	
7189.39	319.955	33.649	
7204.81	319.664	31.9881	
7220.24	319.356	30.3854	
7235.67	318.996	28.7933	
7251.1	318.583	27.1878	
7266.52	318.134	25.5153	
7281.95	317.715	23.7539	
7297.38	317.386	21.9673	
7312.81	317.12	20.2495	
7328.24	316.805	18.6023	
7343.66	316.433	16.8433	
7359.09	316.184	14.9683	
7374.52	316.147	13.1798	
7389.95	316.161	11.6894	
7405.38	315.942	10.3947	
7420.8	315.429	8.97874	
7436.23	314.861	7.23315	
7451.66	314.55	5.27237	
7467.09	314.54	3.49981	
7482.52	314.503	2.04049	
7497.94	314.24	0.588751	
7513.37	313.915	-1.00182	
7528.8	313.689	-2.6718	
7544.23	313.562	-4.23607	
7559.65	313.389	-5.69494	
7575.08	313.133	-7.17844	
7590.51	312.869	-8.69417	
7605.94	312.63	-10.2305	
7621.37	312.423	-11.737	
7636.79	312.206	-13.192	
7652.22	311.954	-14.6526	
7667.65	311.701	-16.122	
7683.08	311.463	-17.5798	
7698.51	311.239	-19.0109	
7713.93	310.997	-20.3704	
7729.36	310.684	-21.7145	
7744.79	310.321	-23.0826	
7760.22	309.918	-24.4517	
7775.64	309.473	-25.907	
7791.07	309.06	-27.4035	
7806.5	308.681	-28.943	
7821.93	308.367	-30.4855	
7837.36	308.105	-31.9784	
7852.78	307.841	-33.4053	
7868.21	307.55	-34.8261	
7883.64	307.277	-36.2214	
7899.07	306.997	-37.5292	
7914.5	306.619	-38.7689	
7929.92	306.125	-40.0848	
7945.35	305.623	-41.4502	
7960.78	305.094	-42.8376	
7976.21	304.546	-44.3487	
7991.63	304.122	-45.9351	
8007.06	303.849	-47.4245	
8022.49	303.591	-48.707	
8037.92	303.139	-49.8018	
8053.35	302.389	-51.0438	
8068.77	301.61	-52.5874	
8084.2	301.05	-54.2438	
8099.63	300.674	-55.7755	
8115.06	300.276	-57.0657	
8130.49	299.634	-58.2737	
8145.91	298.746	-59.6161	
8161.34	297.761	-61.275	
8176.77	296.967	-63.2817	
8192.2	296.614	-65.3132	
8207.62	296.553	-66.9529	
8223.05	296.358	-68.2154	
8238.48	295.821	-69.2881	
8253.91	294.886	-70.4839	
8269.34	293.732	-72.0424	
8284.76	292.66	-74.0324	
8300.19	291.94	-76.2278	
8315.62	291.592	-78.3709	
8331.05	291.47	-80.1611	
8346.48	291.186	-81.5942	
8361.9	290.523	-83.0585	
8377.33	289.72	-84.8075	
8392.76	289.052	-86.7436	
8408.19	288.555	-88.7007	
8423.61	288.161	-90.5974	
8439.04	287.802	-92.4067	
8454.47	287.409	-94.1225	
8469.9	286.918	-95.8484	
8485.33	286.393	-97.6279	
8500.75	285.854	-99.4182	
8516.18	285.261	-101.334	
8531.61	284.757	-103.352	
8547.04	284.362	-105.383	
8562.47	284.04	-107.46	
8577.89	283.887	-109.501	
8593.32	283.842	-111.334	
8608.75	283.678	-112.982	
8624.18	283.311	-114.715	
8639.6	282.987	-116.581	
8655.03	282.791	-118.349	
8670.46	282.499	-120.052	
8685.89	282.11	-121.794	
8701.32	281.687	-123.686	
8716.74	281.406	-125.66	
8732.17	281.267	-127.552	
8747.6	281.128	-129.305	
8763.03	280.884	-131.059	
8778.46	280.644	-132.822	
8793.88	280.391	-134.597	
8809.31	280.153	-136.366	
8824.74	279.901	-138.085	
8840.17	279.557	-139.856	
8855.59	279.236	-141.697	
8871.02	278.968	-143.592	
8886.45	278.79	-145.4	
8901.88	278.52	-147.199	
8917.31	278.241	-149.056	
8932.73	278.013	-150.93	
8948.16	277.8	-152.799	
8963.59	277.595	-154.685	
8979.02	277.432	-156.574	
8994.45	277.301	-158.447	
9009.87	277.193	-160.284	
9025.3	277.078	-162.069	
9040.73	276.899	-163.851	
9056.16	276.69	-165.702	
9071.59	276.548	-167.602	
9087.01	276.489	-169.45	
9102.44	276.409	-171.252	
9117.87	276.319	-173.028	
9133.3	276.198	-174.778	
9148.72	276.012	-176.573	
9164.15	275.858	-178.439	
9179.58	275.787	-180.288	
9195.01	275.721	-182.093	
9210.44	275.637	-183.897	
9225.86	275.584	-185.661	
9241.29	275.473	-187.38	
9256.72	275.271	-189.137	
9272.15	275.036	-191.043	
9287.58	274.964	-193.022	
9303	275.033	-194.884	
9318.43	275.03	-196.651	
9333.86	274.964	-198.421	
9349.29	274.876	-200.243	
9364.71	274.842	-202.079	
9380.14	274.815	-203.919	
9395.57	274.839	-205.755	
9411	274.914	-207.508	
9426.43	274.909	-209.198	
9441.85	274.829	-210.917	
9457.28	274.745	-212.683	
9472.71	274.676	-214.477	
9488.14	274.636	-216.265	
9503.57	274.579	-218.048	
9518.99	274.509	-219.846	
9534.42	274.434	-221.689	
9549.85	274.421	-223.564	
9565.28	274.478	-225.393	
9580.7	274.508	-227.165	
9596.13	274.498	-228.927	
9611.56	274.456	-230.726	
9626.99	274.449	-232.532	
9642.42	274.406	-234.355	
9657.84	274.382	-236.237	
9673.27	274.442	-238.122	
9688.7	274.53	-239.966	
9704.13	274.623	-241.766	
9719.56	274.677	-243.559	
9734.98	274.744	-245.36	
9750.41	274.82	-247.128	
9765.84	274.833	-248.906	
9781.27	274.861	-250.709	
9796.69	274.876	-252.508	
9812.12	274.832	-254.374	
9827.55	274.86	-256.332	
9842.98	275.003	-258.299	
9858.41	275.232	-260.188	
9873.83	275.443	-261.985	
9889.26	275.588	-263.743	
9904.69	275.646	-265.574	
9920.12	275.803	-267.471	
9935.55	276.026	-269.332	
9950.97	276.262	-271.127	
9966.4	276.436	-272.925	
9981.83	276.679	-274.708	
9997.26	276.859	-276.458	
10012.7	277.029	-278.224	
10028.1	277.163	-280.043	
10043.5	277.396	-281.888	
10059	277.648	-283.694	
10074.4	277.92	-285.462	
10089.8	278.155	-287.221	
10105.3	278.439	-288.956	
10120.7	278.659	-290.661	
10136.1	278.872	-292.377	
10151.5	279.047	-294.123	
10167	279.269	-295.898	
10182.4	279.513	-297.647	
10197.8	279.721	-299.393	
10213.3	279.949	-301.154	
10228.7	280.17	-302.907	
10244.1	280.351	-304.704	
10259.5	280.608	-306.544	
10275	280.887	-308.389	
10290.4	281.248	-310.223	
10305.8	281.638	-311.992	
10321.2	281.995	-313.73	
10336.7	282.379	-315.45	
10352.1	282.731	-317.137	
10367.5	283.045	-318.848	
10383	283.412	-320.574	
10398.4	283.776	-322.288	
10413.8	284.201	-323.958	
10429.2	284.537	-325.577	
10444.7	284.828	-327.256	
10460.1	285.168	-329.001	
10475.5	285.635	-330.693	
10491	286.017	-332.296	
10506.4	286.362	-333.914	
10521.8	286.661	-335.592	
10537.2	287.079	-337.294	
10552.7	287.468	-338.956	
10568.1	287.919	-340.605	
10583.5	288.345	-342.195	
10598.9	288.738	-343.768	
10614.4	289.093	-345.358	
10629.8	289.475	-346.962	
10645.2	289.818	-348.576	
10660.7	290.22	-350.212	
10676.1	290.625	-351.81	
10691.5	290.994	-353.412	
10706.9	291.386	-355.044	
10722.4	291.809	-356.676	
10737.8	292.269	-358.277	
10753.2	292.697	-359.857	
10768.7	293.161	-361.421	
10784.1	293.554	-362.988	
10799.5	294.041	-364.576	
10814.9	294.508	-366.096	
10830.4	294.939	-367.617	
10845.8	295.402	-369.136	
10861.2	295.836	-370.63	
10876.6	296.264	-372.134	
10892.1	296.735	-373.605	
10907.5	297.108	-375.04	
10922.9	297.462	-376.54	
10938.4	297.887	-378.035	
10953.8	298.204	-379.526	
10969.2	298.606	-381.091	
10984.6	299.059	-382.591	
11000.1	299.412	-384.058	
11015.5	299.741	-385.608	
11030.9	300.112	-387.256	
11046.4	300.699	-388.898	
11061.8	301.34	-390.344	
11077.2	301.841	-391.64	
11092.6	302.1	-393.02	
11108.1	302.485	-394.587	
11123.5	302.988	-396.126	
11138.9	303.563	-397.537	
11154.4	303.99	-398.825	
11169.8	304.245	-400.187	
11185.2	304.468	-401.776	
11200.6	305.039	-403.437	
11216.1	305.644	-404.865	
11231.5	306.134	-406.177	
11246.9	306.455	-407.545	
11262.3	306.84	-409.068	
11277.8	307.426	-410.551	
11293.2	307.958	-411.843	
11308.6	308.304	-413.117	
11324.1	308.612	-414.511	
11339.5	308.976	-415.961	
11354.9	309.333	-417.431	
11370.3	309.751	-418.946	
11385.8	310.248	-420.451	
11401.2	310.807	-421.891	
11416.6	311.353	-423.249	
11432.1	311.879	-424.553	
11447.5	312.343	-425.809	
11462.9	312.721	-427.083	
11478.3	313.126	-428.392	
11493.8	313.506	-429.658	
11509.2	313.752	-430.964	
11524.6	314.076	-432.384	
11540	314.447	-433.78	
11555.5	314.779	-435.17	
11570.9	315.133	-436.611	
11586.3	315.57	-438.038	
11601.8	315.938	-439.433	
11617.2	316.365	-440.887	
11632.6	316.886	-442.305	
11648	317.463	-443.573	
11663.5	317.846	-444.703	
11678.9	318.031	-445.921	
11694.3	318.178	-447.343	
11709.8	318.472	-448.919	
11725.2	318.986	-450.457	
11740.6	319.534	-451.801	
11756	319.905	-453.058	
11771.5	320.192	-454.428	
11786.9	320.562	-455.903	
11802.3	321.003	-457.408	
11817.8	321.679	-458.855	
11833.2	322.453	-459.95	
11848.6	322.746	-460.762	
11864	322.644	-461.819	
11879.5	322.5	-463.288	
11894.9	322.578	-465.044	
11910.3	322.973	-466.86	
11925.7	323.599	-468.531	
11941.2	324.272	-469.987	
11956.6	324.884	-471.279	
11972	325.293	-472.535	
11987.5	325.695	-473.914	
12002.9	326.174	-475.317	
12018.3	326.672	-476.675	
12033.7	327.183	-478.004	
12049.2	327.723	-479.264	
12064.6	328.174	-480.424	
12080	328.427	-481.634	
12095.5	328.734	-483.023	
12110.9	329.159	-484.448	
12126.3	329.708	-485.793	
12141.7	330.244	-486.967	
12157.2	330.604	-488.028	
12172.6	330.683	-489.216	
12188	330.913	-490.669	
12203.4	331.285	-492.106	
12218.9	331.691	-493.469	
12234.3	332.051	-494.831	
12249.7	332.617	-496.141	
12265.2	332.972	-497.211	
12280.6	333.049	-498.385	
12296	333.133	-499.844	
12311.4	333.494	-501.399	
12326.9	333.95	-502.745	
12342.3	334.134	-503.979	
12357.7	334.139	-505.491	
12373.2	334.476	-507.289	
12388.6	335.105	-508.965	
12404	335.797	-510.411	
12419.4	336.493	-511.652	
12434.9	336.934	-512.736	
12450.3	337.183	-513.924	
12465.7	337.387	-515.302	
12481.1	337.78	-516.782	
12496.6	338.225	-518.153	
12512	338.599	-519.476	
12527.4	338.949	-520.845	
12542.9	339.331	-522.248	
12558.3	339.762	-523.65	
12573.7	340.282	-524.969	
12589.1	340.693	-526.116	
12604.6	340.796	-527.296	
12620	340.835	-528.795	
12635.4	341.169	-530.484	
12650.9	341.664	-532.049	
12666.3	342.105	-533.525	
12681.7	342.633	-535.028	
12697.1	343.2	-536.453	
12712.6	343.819	-537.78	
12728	344.382	-538.927	
12743.4	344.628	-540.011	
12758.8	344.68	-541.37	
12774.3	344.994	-542.999	
12789.7	345.505	-544.537	
12805.1	346.062	-545.895	
12820.6	346.415	-547.157	
12836	346.693	-548.56	
12851.4	347.078	-550.052	
12866.8	347.481	-551.509	
12882.3	347.861	-553.01	
12897.7	348.44	-554.523	
12913.1	348.98	-555.822	
12928.6	349.192	-557.155	
12944	349.599	-558.798	
12959.4	350.27	-560.338	
12974.8	350.883	-561.603	
12990.3	351.131	-562.87	
13005.7	351.449	-564.486	
13021.1	352.113	-566.141	
13036.6	352.815	-567.541	
13052	353.338	-568.882	
13067.4	353.959	-570.335	
13082.8	354.7	-571.672	
13098.3	355.331	-572.825	
13113.7	355.734	-574.007	
13129.1	356.191	-575.381	
13144.5	356.806	-576.76	
13160	357.516	-577.973	
13175.4	358.054	-579.014	
13190.8	358.478	-580.068	
13206.3	358.785	-581.138	
13221.7	358.903	-582.352	
13237.1	359.29	-583.76	
13252.5	359.752	-584.94	
13268	359.927	-585.954	
13283.4	359.673	-587.241	
13298.8	359.703	-589.077	
13314.3	360.219	-590.925	
13329.7	360.863	-592.458	
13345.1	361.394	-593.806	
13360.5	361.821	-595.145	
13376	362.247	-596.485	
13391.4	362.526	-597.793	
13406.8	362.727	-599.232	
13422.2	362.968	-600.793	
13437.7	363.216	-602.435	
13453.1	363.535	-604.24	
13468.5	364.2	-606.13	
13484	365.152	-607.731	
13499.4	365.876	-608.959	
13514.8	366.367	-610.199	
13530.2	366.82	-611.503	
13545.7	367.008	-612.868	
13561.1	367.28	-614.567	
13576.5	367.842	-616.357	
13592	368.534	-618.029	
13607.4	369.364	-619.574	
13622.8	370.149	-620.909	
13638.2	370.845	-622.111	
13653.7	371.309	-623.218	
13669.1	371.467	-624.445	
13684.5	371.523	-626.026	
13699.9	371.768	-627.963	
13715.4	372.46	-630.03	
13730.8	373.545	-631.85	
13746.2	374.687	-633.204	
13761.7	375.422	-634.266	
13777.1	375.872	-635.501	
13792.5	376.342	-636.992	
13807.9	376.998	-638.567	
13823.4	377.769	-640.057	
13838.8	378.641	-641.389	
13854.2	379.359	-642.491	
13869.7	379.787	-643.581	
13885.1	380.095	-644.864	
13900.5	380.448	-646.264	
13915.9	380.644	-647.722	
13931.4	380.821	-649.495	
13946.8	381.288	-651.576	
13962.2	382.32	-653.632	
13977.7	383.533	-655.221	
13993.1	384.529	-656.483	
14008.5	385.37	-657.706	
14023.9	386.028	-658.93	
14039.4	386.597	-660.294	
14054.8	387.263	-661.797	
14070.2	388.164	-663.224	
14085.6	388.955	-664.346	
14101.1	389.332	-665.44	
14116.5	389.517	-666.929	
14131.9	390.021	-668.79	
14147.4	390.881	-670.585	
14162.8	391.736	-672.199	
14178.2	392.778	-673.819	
14193.6	393.988	-675.185	
14209.1	395.068	-676.173	
14224.5	395.679	-677.014	
14239.9	395.985	-678.133	
14255.4	396.325	-679.59	
14270.8	396.805	-681.22	
14286.2	397.497	-682.916	
14301.6	398.379	-684.517	
14317.1	399.243	-685.957	
14332.5	400.064	-687.366	
14347.9	400.889	-688.774	
14363.3	401.743	-690.14	
14378.8	402.502	-691.459	
14394.2	403.289	-692.836	
14409.6	404.141	-694.117	
14425.1	404.669	-695.303	
14440.5	405.024	-696.853	
14455.9	405.799	-698.75	
14471.3	406.874	-700.491	
14486.8	408.101	-702.007	
14502.2	409.29	-703.289	
14517.6	410.462	-704.402	
14533.1	411.381	-705.308	
14548.5	411.925	-706.291	
14563.9	412.371	-707.623	
14579.3	412.95	-709.253	
14594.8	413.901	-711.016	
14610.2	415.178	-712.588	
14625.6	416.571	-713.79	
14641	417.732	-714.647	
14656.5	418.529	-715.459	
14671.9	419.098	-716.52	
14687.3	419.893	-717.841	
14702.8	420.918	-719.016	
14718.2	421.915	-719.833	
14733.6	422.302	-720.469	
14749	422.291	-721.612	
14764.5	422.53	-723.385	
14779.9	423.401	-725.31	
14795.3	424.58	-726.876	
14810.8	425.707	-728.119	
14826.2	426.719	-729.236	
14841.6	427.629	-730.305	
14857	428.508	-731.322	
14872.5	429.181	-732.246	
14887.9	429.556	-733.317	
14903.3	429.946	-734.776	
14918.8	430.764	-736.406	
14934.2	431.799	-737.709	
14949.6	432.497	-738.706	
14965	432.775	-739.929	
14980.5	433.104	-741.694	
14995.9	433.898	-743.783	
15011.3	435.234	-745.781	
15026.7	436.924	-747.357	
15042.2	438.567	-748.389	
15057.6	439.791	-749.124	
15073	440.757	-749.941	
15088.5	441.581	-750.871	
15103.9	442.394	-751.924	
15119.3	443.249	-753.021	
15134.7	444.111	-754.109	
15150.2	444.973	-755.197	
15165.6	445.833	-756.29	
15181	446.789	-757.347	
15196.5	447.627	-758.268	
15211.9	448.393	-759.195	
15227.3	449.012	-760.137	
15242.7	449.651	-761.156	
15258.2	450.072	-762.19	
15273.6	450.53	-763.488	
15289	451.145	-764.863	
15304.4	451.803	-766.176	
15319.9	452.293	-767.535	
15335.3	452.855	-769.21	
15350.7	453.899	-771.007	
15366.2	455.175	-772.455	
15381.6	456.304	-773.598	
15397	457.249	-774.703	
15412.4	458.073	-775.886	
15427.9	458.876	-777.213	
15443.3	459.805	-778.671	
15458.7	460.949	-780.129	
15474.2	462.288	-781.403	
15489.6	463.508	-782.429	
15505	464.71	-783.376	
15520.4	465.615	-784.237	
15535.9	466.512	-785.332	
15551.3	467.582	-786.49	
15566.7	468.825	-787.493	
15582.1	469.933	-788.267	
15597.6	470.982	-789.025	
15613	472.136	-789.623	
15628.4	472.965	-789.841	
15643.9	473.15	-790.063	
15659.3	472.949	-790.772	
15674.7	472.715	-792.083	
15690.1	472.877	-793.883	
15705.6	473.631	-795.764	
15721	474.842	-797.279	
15736.4	476.013	-798.192	
15751.9	476.626	-798.75	
15767.3	476.616	-799.49	
15782.7	476.111	-800.877	
15798.1	475.786	-803.309	
15813.6	476.694	-806.406	
15829	478.866	-808.918	
15844.4	481.144	-810.173	
15859.9	482.685	-810.773	
15875.3	483.828	-811.424	
15890.7	484.484	-812.151	
15906.1	484.948	-813.287	
15921.6	485.426	-814.849	
15937	486.448	-816.703	
15952.4	487.811	-818.265	
15967.8	488.974	-819.576	
15983.3	490.163	-821.075	
15998.7	491.693	-822.623	
16014.1	493.484	-823.886	
16029.6	495.286	-824.797	
16045	497.161	-825.368	
16060.4	498.659	-825.492	
16075.8	499.881	-825.467	
16091.3	500.658	-825.215	
16106.7	500.687	-824.978	
16122.1	499.953	-825.362	
16137.6	499.407	-826.717	
16153	499.295	-828.427	
16168.4	499.341	-830.234	
16183.8	499.496	-832.331	
16199.3	500.217	-834.703	
16214.7	501.27	-836.913	
16230.1	502.514	-839.064	
16245.5	504.283	-841.11	
16261	506.176	-842.625	
16276.4	507.934	-843.775	
16291.8	509.415	-844.774	
16307.3	510.766	-845.861	
16322.7	512.242	-846.992	
16338.1	513.739	-847.976	
16353.5	515.381	-848.734	
16369	516.633	-849.043	
16384.4	517.154	-849.434	
16399.8	517.397	-850.499	
16415.3	518.017	-852.157	
16430.7	519.216	-853.859	
16446.1	520.524	-855.274	
16461.5	521.823	-856.71	
16477	523.666	-858.129	
16492.4	525.653	-858.847	
16507.8	526.893	-859.065	
16523.2	527.599	-859.649	
16538.7	528.403	-860.68	
16554.1	529.197	-861.851	
16569.5	530.081	-863.365	
16585	531.683	-865.073	
16600.4	533.71	-866.23	
16615.8	535.49	-866.811	
16631.2	536.935	-867.317	
16646.7	538.578	-867.749	
16662.1	539.708	-867.653	
16677.5	539.864	-867.777	
16693	539.751	-868.957	
16708.4	540.383	-871.028	
16723.8	542.05	-873.162	
16739.2	544.604	-874.611	
16754.7	547.069	-874.962	
16770.1	548.904	-874.711	
16785.5	549.981	-874.447	
16801	550.705	-874.636	
16816.4	551.68	-875.166	
16831.8	552.822	-875.546	
16847.2	553.917	-875.621	
16862.7	554.445	-875.495	
16878.1	554.406	-875.805	
16893.5	554.537	-876.851	
16908.9	555.293	-878.129	
16924.4	556.426	-879.036	
16939.8	557.259	-879.547	
16955.2	557.772	-880.211	
16970.7	558.419	-881.164	
16986.1	559.232	-882.096	
17001.5	560.016	-882.95	
17016.9	560.865	-883.824	
17032.4	561.814	-884.531	
17047.8	562.336	-885.05	
17063.2	562.425	-886.041	
17078.7	563.112	-887.709	
17094.1	564.684	-889.059	
17109.5	566.052	-889.459	
17124.9	566.307	-889.778	
17140.4	566.533	-891.06	
17155.8	567.461	-892.724	
17171.2	568.783	-894.12	
17186.6	570.25	-895.277	
17202.1	571.904	-896.252	
17217.5	573.731	-896.936	
17232.9	575.885	-897.062	
17248.4	577.741	-896.093	
17263.8	578.091	-894.372	
17279.2	576.647	-893.345	
17294.6	574.672	-894.167	
17310.1	573.767	-896.463	
17325.5	574.204	-898.85	
17340.9	575.138	-900.523	
17356.4	575.667	-901.826	
17371.8	576.196	-903.529	
17387.2	577.282	-905.486	
17402.6	579.269	-906.986	
17418.1	581.086	-907.31	
17433.5	581.922	-907.029	
17448.9	581.479	-907.187	
17464.3	580.943	-908.706	
17479.8	581.66	-910.904	
17495.2	583.105	-912.406	
17510.6	584.346	-913.05	
17526.1	584.563	-913.553	
17541.5	584.62	-914.866	
17556.9	585.136	-916.61	
17572.3	585.955	-918.379	
17587.8	587.4	-920.036	
17603.2	589.122	-920.956	
17618.6	590.392	-921.025	
17634.1	590.556	-920.668	
17649.5	589	-920.932	
17664.9	586.706	-923.377	
17680.3	585.801	-928.29	
17695.8	588.127	-934.122	
17711.2	593.837	-938.021	
17726.6	600.042	-937.729	
17742	603.06	-934.296	
17757.5	601.831	-931.357	
17772.9	598.736	-931.899	
17788.3	597.489	-935.843	
17803.8	599.997	-940.131	
17819.2	604.276	-941.448	
17834.6	606.313	-939.958	
17850	605.297	-939.115	
17865.5	603.703	-941.052	
17880.9	603.901	-945.028	
17896.3	606.971	-948.842	
17911.8	611.472	-950.12	
17927.2	614.215	-948.821	
17942.6	614.049	-947.749	
17958	613.182	-949.143	
17973.5	614.058	-952.297	
17988.9	617.27	-954.964	
18004.3	621.306	-955.383	
18019.8	623.79	-953.798	
18035.2	623.978	-952.221	
18050.6	622.648	-952.592	
18066	623.096	-955.264	
18081.5	626.495	-957.07	
18096.9	629.405	-955.713	
18112.3	629.198	-953.363	
18127.7	627.017	-953.076	
18143.2	625.742	-955.21	
18158.6	626.267	-957.759	
18174	627.386	-959.414	
18189.5	628.061	-960.697	
18204.9	629.012	-962.362	
18220.3	630.838	-963.652	
18235.7	632.256	-963.784	
18251.2	632.6	-963.629	
18266.6	632.391	-963.869	
18282	631.737	-964.31	
18297.5	629.85	-965.316	
18312.9	627.371	-968.334	
18328.3	626.326	-973.838	
18343.7	629.175	-980.108	
18359.2	635.519	-983.203	
18374.6	640.209	-981.065	
18390	638.755	-977.647	
18405.4	633.606	-979.037	
18420.9	630.99	-986.481	
18436.3	635.704	-995.387	
18451.7	645.786	-998.519	
18467.2	653.36	-993.064	
18482.6	650.769	-984.617	
18498	640.238	-983.098	
18513.4	630.92	-992.432	
18528.9	631.108	-1008.17	
18544.3	642.497	-1020.77	
18559.7	657.581	-1022.39	
18575.2	664.754	-1015.08	
18590.6	661.366	-1009.98	
18606	656.895	-1014.27	
18621.4	660.135	-1023.28	
18636.9	669.233	-1028.06	
18652.3	676.748	-1026.49	
18667.7	678.882	-1023.53	
18683.1	678.21	-1024.26	
18698.6	680.024	-1028.82	
18714	685.363	-1033.29	
18729.4	692.241	-1035.55	
18744.9	699.304	-1035.78	
18760.3	705.792	-1034.34	
18775.7	710.735	-1032.02	
18791.1	715.321	-1029.82	
18806.6	719.779	-1026.81	
18822	722.598	-1022.79	
18837.4	723.282	-1019.44	
18852.9	723.882	-1017.73	
18868.3	724.969	-1016.39	
18883.7	725.161	-1015.15	
18899.1	725.212	-1015.38	
18914.6	727.064	-1016.54	
18930	730.029	-1016.8	
18945.4	733.275	-1015.78	
18960.9	735.864	-1013.32	
18976.3	734.225	-1013.08	
