150 4.02915041953084
151 4.02915041953084
152 4.02915041953084
153 4.02915041953084
154 4.02915041953084
155 4.02915041953084
156 4.017578601982822
157 4.124426280338909
158 4.095264101753478
159 4.1318138724247495
160 4.184708539950909
161 4.245618857772538
162 4.325920045269953
163 4.683803703411097
164 4.834761576693424
165 5.0140408676753765
166 5.403527111560475
167 5.720914895011856
168 6.128245487709473
169 6.509884474042876
170 6.923935935273474
171 7.0190368127986265
172 6.940119440784308
173 6.607345347000406
174 6.424160995750884
175 5.7118357554403785
176 4.596581177244071
177 4.369737131619429
178 3.8599976149722073
179 3.7226096273824094
180 3.507568185156529
181 3.087706270057418
182 2.9095093168400354
183 2.819324979768407
184 2.694062644139222
185 2.6230213728286778
186 2.5566122247618055
187 2.4620988011875786
188 2.6385817455125786
189 2.745860627214839
190 2.75096784765292
191 2.8720519997323546
192 3.142733510715862
193 3.3439965574370003
194 3.5673670095954906
195 3.7861961199042122
196 3.9797092361822384
197 4.195849347972189
198 4.394591042225164
199 4.579327764408822
200 4.785497729328678
201 5.2171434390431815
202 5.555513617314528
203 6.147707144900507
204 6.541583669822381
205 6.881237398257203
206 7.08664555116563
207 7.437205238082956
208 7.566428899581165
209 7.656028292256945
210 7.756926179352842
211 7.7401484267514284
212 7.686850527737
213 7.431202075970922
214 7.39294693597569
215 7.206841974697278
216 6.957678986512175
217 6.342166419619837
218 6.068892022767046
219 5.652676895650006
220 5.518655728091445
221 5.17987861294204
222 4.9807979393982444
223 4.490151082078818
224 4.253531416749525
225 4.160906530054036
226 4.097150998830901
227 4.007952123723944
228 3.994609137840362
229 3.9182765216829143
230 3.904722372324433
231 3.8881709007938516
232 3.871441819696118
233 3.85474910245362
234 3.8363459769112387
235 3.8605499758251054
236 3.887737495093359
237 3.9493630624659106
238 3.944328609034633
239 4.141451075266388
240 4.180744327488449
241 4.282326586584569
242 4.322826594331708
243 4.355245951672847
244 4.467916507422701
245 4.547017633102395
246 4.646711610672216
247 4.744117866928343
248 4.909289381315021
249 5.0463378430173
250 5.211639372300158
251 5.224507886645129
252 5.324283118858722
253 5.455115574564063
254 5.503293442330982
255 5.671168320458637
256 5.670564310902759
257 5.767676154047987
258 5.7892103554289
259 5.743362503749718
260 5.764406593399097
261 5.773267090474981
262 5.836398284859733
263 5.869449826959903
264 5.868077791287892
265 6.0723611601791605
266 6.159837133447175
267 6.507545582342431
268 6.774916022676727
269 7.1059024096407795
270 7.361190705611594
271 7.632611808568207
272 7.815959420917576
273 8.048805915726707
274 8.119014669038815
275 8.251019492291777
276 8.447919717085341
277 8.783979907794281
278 9.024967790463977
279 9.31669000645925
280 9.53347057940487
281 9.633349013050573
282 9.765297655839195
283 9.800536098461397
284 9.835838790288722
285 9.872651743834632
286 9.976716974521805
287 9.953078889735066
288 10.061111265904664
289 10.190952871960118
290 10.595740500495637
291 10.853564693660426
292 11.132422381069688
293 12.03513179896393
294 12.297561551209215
295 12.932380543938061
296 13.958109219321962
297 14.364783176580154
298 14.604749558485253
299 15.577729641278884
300 15.77871470548823
301 15.988208792921547
302 16.117094435899702
303 16.089909199857953
304 16.108400604767787
305 15.911451529477059
306 15.586365629955992
307 15.154231726415684
308 14.81620952165256
309 14.048415059890667
310 13.486739241036826
311 12.596571935619613
312 12.002155738003065
313 11.212364069777287
314 10.703633491730525
315 9.708523637962164
316 9.18293729949022
317 9.05625874480054
318 8.245170283134073
319 7.87996635723051
320 7.466867143844798
321 7.044646577629319
322 6.290903412086999
323 5.661990195200354
324 5.230824784318511
325 4.886642946596341
326 4.654672417356094
327 4.391506851812258
328 4.310748523906514
329 4.193527964499035
330 4.2034221921112085
331 4.261392183773454
332 4.358492863010381
333 4.384027041718765
334 4.512700243911291
335 4.528225797223505
336 4.659434350353613
337 4.681532565682714
338 4.800763243620768
339 4.879656683888364
340 4.9447403175663664
341 4.97722708107793
342 4.984172558451863
343 4.929458772722883
344 4.8505804174057445
345 4.742039711129841
346 4.652036860801141
347 4.525573390888928
348 4.548124327262493
349 4.575221085802183
350 4.627997057070988
351 4.67380931457262
352 4.753455293661355
353 4.781141528682425
354 4.830046837332792
355 4.8208819613030425
356 4.7458259846805175
357 4.643560265345046
358 4.459784535019006
359 4.297411987634382
360 4.216932035415653
361 3.949845329486137
362 3.762896844965873
363 3.6040424124514487
364 3.517320214478566
365 3.4507937212062862
366 3.235877545060153
367 3.090291798819827
368 2.9233439634949647
369 2.809136820379076
370 2.704608654960384
371 2.6186372675670246
372 2.535954718073782
373 2.438757792177372
374 2.3791284015673617
375 2.325492963783764
376 2.249402736261455
377 2.1664195291021016
378 2.1115047625480887
379 2.0775846313080337
380 2.046447302020108
381 1.98740395943181
382 1.9493103738347055
383 1.9164574511453258
384 1.8833638853232992
385 1.8418910919072649
386 1.803119579019414
387 1.7889751290033302
388 1.7576976163580402
389 1.7541904443408285
390 1.7489963636685797
391 1.7721993698025058
392 1.7775574282808877
393 1.7796163634235675
394 1.7932203012911638
395 1.8153232416811858
396 1.8385605856297704
397 1.8361145561292496
398 1.8320471769817954
399 1.8295825737910696
400 1.837077333935656
401 1.845252871244446
402 1.8422676496575554
403 1.8381392352304458
404 1.8354740371322267
405 1.8743519729373945
406 1.8819323415479556
407 1.8758099243110284
408 1.8882863819010416
409 1.882436401701129
410 1.877854543301365
411 1.8730099034578265
412 1.8831734098906545
413 1.8752173226454938
414 1.904634971545359
415 1.8957754847127533
416 1.9211080109710197
417 1.9016023961964998
418 1.897484791656896
419 1.8930483410645478
420 1.8885512483843727
421 1.8840661740471059
422 1.8796016013914612
423 1.8751580983828067
424 1.8707355617189771
425 1.8663339000833912
426 1.8619533149482237
427 1.8575929981136943
428 1.8532034484531126
429 1.8479689470238783
430 1.8677605248715992
431 1.882360412685179
432 1.863138337070646
433 1.885098634296767
434 1.8786088419235623
435 1.9071700225291475
436 1.9090199270901507
437 1.9231812006646685
438 1.930805766356423
439 1.926471844609029
440 1.9227832983490516
441 1.9289440138459066
442 1.9395321625321218
443 1.936980855107976
444 1.9832303033386
445 1.978292084491774
446 2.0013642614310614
447 2.0263483398254394
448 2.046045849270427
449 2.052358215042655
450 2.0444268462063824
451 2.0916748532875595
452 2.1026719445491464
453 2.1293303685109293
454 2.13289190779037
455 2.1763925607515513
456 2.2052260683394462
457 2.2091618649431655
458 2.3388478026072588
459 2.3712986883342797
460 2.5207209351330335
461 2.616463163551412
462 2.726716412024094
463 2.8135739338748746
464 2.8513372531112586
465 2.834628762267427
466 2.7974734227790052
467 2.7398027143074546
468 2.6397592285785296
469 2.385433025149198
470 2.3179076352521335
471 2.285532847982226
472 2.27563863094341
473 2.27241886553849
474 2.291248224349928
475 2.327902524710757
476 2.3765973747515865
477 2.4132474713485013
478 2.426353515994844
479 2.4586980170747386
480 2.481102466816849
481 2.4980149247826446
482 2.5008241521027155
483 2.5442041261201287
484 2.573520310273307
485 2.5852003417242653
486 2.6231464405733935
487 2.682390205180156
488 2.7059036510172327
489 2.731773745392126
490 2.7686627976788345
491 2.8080536655411867
492 2.856936320734289
493 2.862470020151347
494 2.876983880229516
495 2.8971534971640223
496 2.918722948354937
497 2.9338730111223104
498 2.9482278623481695
499 2.981779387297654
500 3.064108078120319
501 3.133277383609577
502 3.1895664588103103
503 3.2227484450834476
504 3.2690301427747723
505 3.304586341974855
506 3.3120326284576205
507 3.3583787519872534
508 3.3647157697132415
509 3.414865281528331
510 3.4132821904920725
511 3.4665087770465184
512 3.4957544809107732
513 3.57237395129585
514 3.6053483994038946
515 3.6672528913173665
516 3.6822818169774405
517 3.711328951643178
518 3.7526141324192017
519 3.77607617600947
520 3.8078668174838826
521 3.856009804627928
522 3.8783741211509817
523 3.9086118711039743
524 3.932201461571566
525 3.997721323921902
526 4.022899726290717
527 4.066468071383512
528 4.10225922730846
529 4.147044439735068
530 4.180499373126586
531 4.225894616609791
532 4.26921026664821
533 4.284820913908689
534 4.34426347929432
535 4.362911581535019
536 4.438615565209206
537 4.45781055671139
538 4.512218982260187
539 4.544105459344328
540 4.582197399119107
541 4.665705229347989
542 4.697831779644967
543 4.751104087742019
544 4.808029145155038
545 4.890332501494123
546 4.967939366137703
547 5.017573530049774
548 5.084408905417713
549 5.138707925789906
550 5.204349210936541
551 5.253838418072747
552 5.339606529010206
553 5.47907750182326
554 5.64677587717775
555 5.7781750629804165
556 5.851928328462135
557 5.980598926878088
558 6.251131191021043
559 6.499621436107853
560 6.710098555932843
561 6.836357894166097
562 7.0618516759950385
563 7.308810412660897
564 7.54662646944691
565 7.893882482152156
566 8.169476050978554
567 8.558227034014728
568 8.892925924411205
569 9.03684396798333
570 9.222273873848863
571 9.443543007800733
572 9.642115696351116
573 9.791938890430181
574 9.840305503703382
575 9.932133173363892
576 10.1485155305892
577 10.22839851151935
578 10.33863189199849
579 10.325840796858397
580 10.31190149625605
581 10.29751875554192
582 10.279023805533269
583 10.241517767759309
584 10.146740710645918
585 9.972713457715752
586 9.420989421861982
587 9.270023073480399
588 9.021945688050167
589 8.817141531328463
590 8.40275222306683
591 7.90234572747534
592 7.718287015107632
593 7.473182443217924
594 7.28453816571813
595 7.188577501181829
596 6.910094782321767
597 6.795123290437866
598 6.673183707134082
599 6.510869845374925
600 6.423954790332771
601 6.228562650996551
602 6.100999256821851
603 5.993529739785822
604 5.836831957164948
605 5.630727574423958
606 5.4284173050924505
607 5.221674219892959
608 5.124356071184435
609 4.787908643255149
610 4.3327021393020715
611 4.077639791136704
612 3.606122481970169
613 3.5118861734326434
614 3.414312318649551
615 3.3324523018531935
616 3.203187727739304
617 3.1231687035312046
618 3.016587999177985
619 2.8261635756600256
620 2.747378233114123
621 2.613603810169274
622 2.5600025080640822
623 2.512727723559802
624 2.456952167796771
625 2.3899019857290473
626 2.2748046869678893
627 2.2130729920399848
628 2.1242149501184735
629 2.0769081674462804
630 2.0267030297479485
631 2.0633101370452964
632 2.0872130992591926
633 2.153511461651624
634 2.1896686630504543
635 2.256568799849259
636 2.2786127796230287
637 2.308594364431708
638 2.3676577892427995
639 2.396304358527694
640 2.437139256942262
641 2.4447555127107417
642 2.4213072303798913
643 2.2895806588378105
644 2.1557295417141
645 2.0613703510235304
646 1.888888614214324
647 1.823940136203047
648 1.747470496761951
649 1.6098433778410712
