0 0
3.57143 0.00746768
7.14286 0.0149569
10.7143 0.0224896
14.2857 0.0300882
17.8571 0.0377765
21.4286 0.0455795
25 0.0535245
28.5714 0.0616413
32.1429 0.0699637
35.7143 0.0785301
39.2857 0.0873852
42.8571 0.0965829
46.4286 0.106189
50 0.116287
53.5714 0.126986
57.1429 0.138432
60.7143 0.150834
64.2857 0.164497
67.8571 0.179898
71.4286 0.197826
75 0.219693
78.5714 0.248257
82.1429 0.28959
85.7143 0.359365
89.2857 0.508504
92.8571 0.971559
96.4286 3.03877
100 2.0447
103.571 0.80313
107.143 0.540634
110.714 0.467395
114.286 0.450285
117.857 0.456779
121.429 0.476521
125 0.505956
128.571 0.544295
132.143 0.592337
135.714 0.652272
139.286 0.728065
142.857 0.826506
146.429 0.959497
150 1.14905
153.571 1.43894
157.143 1.92322
160.714 2.81329
164.286 4.49436
167.857 6.57515
171.429 6.03577
175 4.09813
178.571 3.0076
182.143 2.57914
185.714 2.50061
189.286 2.63749
192.857 2.94555
196.429 3.41819
200 4.05194
203.571 4.80084
207.143 5.5149
210.714 5.93506
214.286 5.86443
217.857 5.37617
221.429 4.72939
225 4.13514
228.571 3.67975
232.143 3.37146
235.714 3.19132
239.286 3.11764
242.857 3.13391
246.429 3.23007
250 3.40195
253.571 3.6505
257.143 3.98127
260.714 4.40412
264.286 4.93307
267.857 5.58595
271.429 6.38315
275 7.34464
278.571 8.48319
282.143 9.79167
285.714 11.2227
289.286 12.6642
292.857 13.927
296.429 14.7738
300 15.0059
303.571 14.5671
307.143 13.578
310.714 12.2661
314.286 10.8596
317.857 9.52085
321.429 8.33735
325 7.34135
328.571 6.53406
332.143 5.90317
335.714 5.43306
339.286 5.10927
342.857 4.91922
346.429 4.84936
350 4.87857
353.571 4.96805
357.143 5.05341
360.714 5.05243
364.286 4.89901
367.857 4.58322
371.429 4.15527
375 3.68812
378.571 3.23968
382.143 2.84044
385.714 2.49939
389.286 2.2139
392.857 1.97674
396.429 1.77983
400 1.61581
403.571 1.47848
407.143 1.36286
410.714 1.26501
414.286 1.1818
417.857 1.11079
421.429 1.05005
425 0.998037
428.571 0.95355
432.143 0.915614
435.714 0.883458
439.286 0.856465
442.857 0.834146
446.429 0.816117
450 0.802083
453.571 0.791823
457.143 0.785187
460.714 0.78208
464.286 0.782468
467.857 0.786369
471.429 0.793857
475 0.805062
478.571 0.820173
482.143 0.839443
485.714 0.863202
489.286 0.891859
492.857 0.925921
496.429 0.966012
500 1.01289
503.571 1.06747
507.143 1.13088
510.714 1.20449
514.286 1.28996
517.857 1.38933
521.429 1.50511
525 1.64039
528.571 1.79897
532.143 1.98557
535.714 2.20599
539.286 2.4674
542.857 2.77852
546.429 3.1498
550 3.59333
553.571 4.12224
557.143 4.74902
560.714 5.48175
564.286 6.31724
567.857 7.22997
571.429 8.15867
575 8.99776
578.571 9.60838
582.143 9.86047
585.714 9.69231
589.286 9.14426
592.857 8.33632
596.429 7.41007
600 6.48034
603.571 5.61784
607.143 4.85476
610.714 4.19812
614.286 3.64156
617.857 3.17314
621.429 2.77964
625 2.44865
628.571 2.16933
632.143 1.93254
635.714 1.73079
639.286 1.55796
642.857 1.40909
646.429 1.28016
650 1.16791
653.571 1.06968
657.143 0.983301
660.714 0.906984
664.286 0.83926
667.857 0.778909
671.429 0.724914
675 0.676424
678.571 0.632722
682.143 0.593202
685.714 0.55735
689.286 0.524727
692.857 0.494958
696.429 0.467718
700 0.442728
703.571 0.419746
707.143 0.398561
710.714 0.37899
714.286 0.360872
717.857 0.344064
721.429 0.328442
725 0.313896
728.571 0.300328
732.143 0.287651
735.714 0.275788
739.286 0.264669
742.857 0.254232
746.429 0.244422
750 0.235188
753.571 0.226486
757.143 0.218274
760.714 0.210516
764.286 0.203179
767.857 0.196231
771.429 0.189645
775 0.183396
778.571 0.17746
782.143 0.171817
785.714 0.166447
789.286 0.161333
792.857 0.156457
796.429 0.151806
800 0.147365
803.571 0.143121
807.143 0.139063
810.714 0.135179
814.286 0.13146
817.857 0.127896
821.429 0.124479
825 0.121199
828.571 0.118051
832.143 0.115026
835.714 0.112118
839.286 0.109321
842.857 0.10663
846.429 0.104038
850 0.101541
853.571 0.0991349
857.143 0.0968142
860.714 0.0945752
864.286 0.0924139
867.857 0.0903268
871.429 0.0883103
875 0.0863614
878.571 0.0844768
882.143 0.0826537
885.714 0.0808895
889.286 0.0791815
892.857 0.0775274
896.429 0.0759248
900 0.0743715
903.571 0.0728656
907.143 0.0714051
910.714 0.069988
914.286 0.0686128
917.857 0.0672776
921.429 0.065981
925 0.0647214
928.571 0.0634974
932.143 0.0623077
935.714 0.0611509
939.286 0.0600259
942.857 0.0589314
946.429 0.0578663
950 0.0568296
953.571 0.0558203
957.143 0.0548373
960.714 0.0538798
964.286 0.0529469
967.857 0.0520377
971.429 0.0511514
975 0.0502872
978.571 0.0494444
982.143 0.0486223
985.714 0.0478202
989.286 0.0470374
992.857 0.0462733
996.429 0.0455274
1000 0.044799
1003.57 0.0440876
1007.14 0.0433926
1010.71 0.0427136
1014.29 0.0420501
1017.86 0.0414015
1021.43 0.0407675
1025 0.0401475
1028.57 0.0395413
1032.14 0.0389483
1035.71 0.0383682
1039.29 0.0378006
1042.86 0.0372452
1046.43 0.0367015
1050 0.0361694
1053.57 0.0356483
1057.14 0.0351382
1060.71 0.0346385
1064.29 0.0341491
1067.86 0.0336696
1071.43 0.0331999
1075 0.0327396
1078.57 0.0322884
1082.14 0.0318462
1085.71 0.0314127
1089.29 0.0309877
1092.86 0.0305709
1096.43 0.0301622
1100 0.0297613
1103.57 0.029368
1107.14 0.0289822
1110.71 0.0286037
1114.29 0.0282322
1117.86 0.0278676
1121.43 0.0275097
1125 0.0271584
1128.57 0.0268135
1132.14 0.0264749
1135.71 0.0261423
1139.29 0.0258157
1142.86 0.0254949
1146.43 0.0251798
1150 0.0248703
1153.57 0.0245661
1157.14 0.0242673
1160.71 0.0239736
1164.29 0.0236849
1167.86 0.0234012
1171.43 0.0231223
1175 0.0228482
1178.57 0.0225786
1182.14 0.0223136
1185.71 0.0220529
1189.29 0.0217966
1192.86 0.0215445
1196.43 0.0212965
1200 0.0210526
1203.57 0.0208126
1207.14 0.0205765
1210.71 0.0203441
1214.29 0.0201155
1217.86 0.0198905
1221.43 0.019669
1225 0.019451
1228.57 0.0192365
1232.14 0.0190252
1235.71 0.0188173
1239.29 0.0186125
1242.86 0.0184109
1246.43 0.0182123
1250 0.0180168
1253.57 0.0178242
1257.14 0.0176345
1260.71 0.0174476
1264.29 0.0172636
1267.86 0.0170822
1271.43 0.0169036
1275 0.0167275
1278.57 0.016554
1282.14 0.0163831
1285.71 0.0162146
1289.29 0.0160485
1292.86 0.0158849
1296.43 0.0157235
1300 0.0155645
1303.57 0.0154077
1307.14 0.0152531
1310.71 0.0151007
1314.29 0.0149505
1317.86 0.0148023
1321.43 0.0146561
1325 0.014512
1328.57 0.0143699
1332.14 0.0142297
1335.71 0.0140914
1339.29 0.013955
1342.86 0.0138204
1346.43 0.0136877
1350 0.0135567
1353.57 0.0134275
1357.14 0.0133
1360.71 0.0131741
1364.29 0.01305
1367.86 0.0129274
1371.43 0.0128065
1375 0.0126871
1378.57 0.0125693
1382.14 0.012453
1385.71 0.0123382
1389.29 0.0122249
1392.86 0.012113
1396.43 0.0120026
1400 0.0118935
1403.57 0.0117858
1407.14 0.0116795
1410.71 0.0115745
1414.29 0.0114708
1417.86 0.0113684
1421.43 0.0112673
1425 0.0111674
1428.57 0.0110688
1432.14 0.0109713
1435.71 0.0108751
1439.29 0.01078
1442.86 0.0106861
1446.43 0.0105933
1450 0.0105016
1453.57 0.010411
1457.14 0.0103215
1460.71 0.0102331
1464.29 0.0101457
1467.86 0.0100593
1471.43 0.00997398
1475 0.00988964
1478.57 0.00980629
1482.14 0.0097239
1485.71 0.00964248
1489.29 0.00956199
1492.86 0.00948244
1496.43 0.00940379
1500 0.00932605
1503.57 0.0092492
1507.14 0.00917322
1510.71 0.0090981
1514.29 0.00902383
1517.86 0.00895039
1521.43 0.00887779
1525 0.00880599
1528.57 0.00873499
1532.14 0.00866478
1535.71 0.00859535
1539.29 0.00852669
1542.86 0.00845878
1546.43 0.00839162
1550 0.00832519
1553.57 0.00825949
1557.14 0.0081945
1560.71 0.00813021
1564.29 0.00806662
1567.86 0.00800371
1571.43 0.00794148
1575 0.00787991
1578.57 0.007819
1582.14 0.00775874
1585.71 0.00769911
1589.29 0.00764012
1592.86 0.00758174
1596.43 0.00752398
1600 0.00746683
1603.57 0.00741027
1607.14 0.0073543
1610.71 0.00729891
1614.29 0.00724409
1617.86 0.00718984
1621.43 0.00713614
1625 0.007083
1628.57 0.0070304
1632.14 0.00697833
1635.71 0.0069268
1639.29 0.00687578
1642.86 0.00682528
1646.43 0.00677529
1650 0.00672581
1653.57 0.00667682
1657.14 0.00662831
1660.71 0.00658029
1664.29 0.00653275
1667.86 0.00648568
1671.43 0.00643907
1675 0.00639292
1678.57 0.00634722
1682.14 0.00630197
1685.71 0.00625717
1689.29 0.0062128
1692.86 0.00616886
1696.43 0.00612534
1700 0.00608225
1703.57 0.00603957
1707.14 0.0059973
1710.71 0.00595543
1714.29 0.00591397
1717.86 0.0058729
1721.43 0.00583222
1725 0.00579192
1728.57 0.00575201
1732.14 0.00571247
1735.71 0.0056733
1739.29 0.0056345
1742.86 0.00559607
1746.43 0.00555799
1750 0.00552026
1753.57 0.00548289
1757.14 0.00544586
1760.71 0.00540917
1764.29 0.00537282
1767.86 0.0053368
1771.43 0.00530112
1775 0.00526576
1778.57 0.00523072
1782.14 0.005196
1785.71 0.00516159
1789.29 0.00512749
1792.86 0.00509371
1796.43 0.00506022
1800 0.00502704
1803.57 0.00499415
1807.14 0.00496156
1810.71 0.00492925
1814.29 0.00489724
1817.86 0.0048655
1821.43 0.00483405
1825 0.00480288
1828.57 0.00477197
1832.14 0.00474134
1835.71 0.00471098
1839.29 0.00468088
1842.86 0.00465105
1846.43 0.00462147
1850 0.00459215
1853.57 0.00456308
1857.14 0.00453427
1860.71 0.0045057
1864.29 0.00447737
1867.86 0.00444929
1871.43 0.00442145
1875 0.00439385
1878.57 0.00436648
1882.14 0.00433934
1885.71 0.00431243
1889.29 0.00428575
1892.86 0.0042593
1896.43 0.00423306
1900 0.00420705
1903.57 0.00418125
1907.14 0.00415567
1910.71 0.0041303
1914.29 0.00410515
1917.86 0.0040802
1921.43 0.00405545
1925 0.00403091
1928.57 0.00400658
1932.14 0.00398244
1935.71 0.0039585
1939.29 0.00393476
1942.86 0.00391121
1946.43 0.00388785
1950 0.00386468
1953.57 0.0038417
1957.14 0.0038189
1960.71 0.00379629
1964.29 0.00377386
1967.86 0.00375161
1971.43 0.00372953
1975 0.00370764
1978.57 0.00368592
1982.14 0.00366437
1985.71 0.00364299
1989.29 0.00362178
1992.86 0.00360074
1996.43 0.00357987
2000 0.00355916
