W E2
0.1 0.000299929
0.101393 0.000304109
0.102806 0.000308346
0.104239 0.000312642
0.105691 0.000316999
0.107164 0.000321416
0.108657 0.000325894
0.110171 0.000330435
0.111706 0.00033504
0.113263 0.000339708
0.114841 0.000344441
0.116441 0.000349241
0.118063 0.000354107
0.119709 0.000359041
0.121377 0.000364044
0.123068 0.000369116
0.124783 0.00037426
0.126521 0.000379475
0.128284 0.000384762
0.130072 0.000390123
0.131884 0.000395559
0.133722 0.000401071
0.135585 0.000406659
0.137474 0.000412326
0.13939 0.000418071
0.141332 0.000423896
0.143301 0.000429803
0.145298 0.000435792
0.147323 0.000441864
0.149375 0.000448021
0.151457 0.000454263
0.153567 0.000460593
0.155707 0.000467011
0.157876 0.000473518
0.160076 0.000480116
0.162307 0.000486806
0.164568 0.000493589
0.166861 0.000500467
0.169186 0.00050744
0.171544 0.000514511
0.173934 0.00052168
0.176358 0.000528949
0.178815 0.000536319
0.181307 0.000543792
0.183833 0.000551369
0.186394 0.000559052
0.188992 0.000566842
0.191625 0.00057474
0.194295 0.000582748
0.197002 0.000590868
0.199747 0.000599101
0.20253 0.000607449
0.205353 0.000615913
0.208214 0.000624495
0.211115 0.000633197
0.214057 0.00064202
0.217039 0.000650966
0.220064 0.000660036
0.22313 0.000669233
0.226239 0.000678558
0.229391 0.000688013
0.232588 0.0006976
0.235828 0.00070732
0.239114 0.000717176
0.242446 0.000727169
0.245824 0.000737301
0.24925 0.000747574
0.252723 0.000757991
0.256244 0.000768553
0.259815 0.000779262
0.263435 0.00079012
0.267105 0.000801129
0.270827 0.000812292
0.274601 0.000823611
0.278427 0.000835087
0.282307 0.000846723
0.28624 0.000858521
0.290229 0.000870483
0.294273 0.000882613
0.298373 0.000894911
0.302531 0.00090738
0.306746 0.000920024
0.31102 0.000932843
0.315354 0.000945842
0.319748 0.000959021
0.324203 0.000972384
0.328721 0.000985933
0.333301 0.000999671
0.337945 0.0010136
0.342654 0.00102772
0.347428 0.00104204
0.352269 0.00105656
0.357178 0.00107129
0.362155 0.00108621
0.367201 0.00110135
0.372318 0.00111669
0.377505 0.00113225
0.382765 0.00114803
0.388099 0.00116403
0.393507 0.00118025
0.39899 0.00119669
0.404549 0.00121337
0.410186 0.00123027
0.415901 0.00124742
0.421697 0.0012648
0.427572 0.00128242
0.43353 0.00130029
0.439571 0.00131841
0.445696 0.00133678
0.451906 0.00135541
0.458203 0.00137429
0.464587 0.00139344
0.471061 0.00141286
0.477624 0.00143255
0.48428 0.00145251
0.491027 0.00147275
0.497869 0.00149327
0.504807 0.00151408
0.51184 0.00153517
0.518972 0.00155656
0.526204 0.00157825
0.533536 0.00160024
0.54097 0.00162254
0.548508 0.00164515
0.55615 0.00166807
0.5639 0.00169132
0.571757 0.00171489
0.579724 0.00173878
0.587802 0.00176301
0.595992 0.00178757
0.604296 0.00181248
0.612717 0.00183774
0.621254 0.00186335
0.62991 0.00188931
0.638688 0.00191564
0.647587 0.00194233
0.65661 0.00196939
0.665759 0.00199684
0.675036 0.00202466
0.684442 0.00205287
0.693979 0.00208148
0.703649 0.00211048
0.713453 0.00213989
0.723394 0.00216971
0.733474 0.00219994
0.743694 0.0022306
0.754056 0.00226168
0.764563 0.00229319
0.775217 0.00232515
0.786018 0.00235755
0.796971 0.0023904
0.808075 0.00242371
0.819335 0.00245748
0.830752 0.00249172
0.842327 0.00252644
0.854064 0.00256165
0.865964 0.00259734
0.878031 0.00263354
0.890265 0.00267023
0.90267 0.00270744
0.915247 0.00274517
0.928 0.00278342
0.940931 0.00282221
0.954042 0.00286153
0.967335 0.00290141
0.980814 0.00294184
0.99448 0.00298283
1.00834 0.0030244
1.02239 0.00306654
1.03663 0.00310927
1.05108 0.0031526
1.06572 0.00319653
1.08057 0.00324107
1.09563 0.00328624
1.1109 0.00333203
1.12637 0.00337846
1.14207 0.00342554
1.15798 0.00347328
1.17412 0.00352168
1.19048 0.00357075
1.20707 0.00362051
1.22388 0.00367096
1.24094 0.00372212
1.25823 0.00377399
1.27576 0.00382658
1.29354 0.0038799
1.31156 0.00393397
1.32984 0.00398879
1.34837 0.00404438
1.36715 0.00410074
1.3862 0.00415789
1.40552 0.00421583
1.4251 0.00427458
1.44496 0.00433415
1.46509 0.00439455
1.48551 0.00445579
1.50621 0.00451788
1.52719 0.00458084
1.54847 0.00464468
1.57005 0.00470941
1.59193 0.00477504
1.61411 0.00484159
1.6366 0.00490906
1.6594 0.00497747
1.68253 0.00504684
1.70597 0.00511718
1.72974 0.00518849
1.75384 0.0052608
1.77828 0.00533412
1.80306 0.00540846
1.82818 0.00548384
1.85365 0.00556026
1.87948 0.00563776
1.90567 0.00571633
1.93222 0.005796
1.95915 0.00587678
1.98645 0.00595869
2.01413 0.00604174
2.04219 0.00612594
2.07065 0.00621132
2.0995 0.0062979
2.12875 0.00638567
2.15841 0.00647468
2.18849 0.00656492
2.21898 0.00665643
2.2499 0.00674921
2.28125 0.00684328
2.31304 0.00693866
2.34527 0.00703538
2.37795 0.00713344
2.41108 0.00723288
2.44468 0.0073337
2.47874 0.00743592
2.51328 0.00753958
2.5483 0.00764468
2.5838 0.00775124
2.61981 0.00785929
2.65631 0.00796885
2.69332 0.00807994
2.73085 0.00819258
2.7689 0.00830679
2.80748 0.00842259
2.8466 0.00854001
2.88627 0.00865907
2.92648 0.00877979
2.96726 0.00890219
3.00861 0.0090263
3.05053 0.00915215
3.09303 0.00927975
3.13613 0.00940913
3.17983 0.00954032
3.22414 0.00967334
3.26906 0.00980822
3.31461 0.00994498
3.3608 0.0100837
3.40763 0.0102243
3.45511 0.0103668
3.50325 0.0105114
3.55206 0.010658
3.60156 0.0108066
3.65174 0.0109573
3.70262 0.0111101
3.75422 0.0112651
3.80653 0.0114222
3.85957 0.0115815
3.91334 0.011743
3.96787 0.0119068
4.02316 0.0120729
4.07922 0.0122413
4.13606 0.012412
4.19369 0.0125852
4.25212 0.0127607
4.31137 0.0129387
4.37144 0.0131193
4.43236 0.0133023
4.49412 0.0134879
4.55674 0.0136761
4.62023 0.0138669
4.68461 0.0140604
4.74988 0.0142566
4.81606 0.0144555
4.88317 0.0146572
4.95121 0.0148618
5.0202 0.0150692
5.09015 0.0152795
5.16108 0.0154928
5.23299 0.015709
5.30591 0.0159283
5.37984 0.0161506
5.4548 0.0163761
5.53081 0.0166047
5.60787 0.0168366
5.68601 0.0170716
5.76524 0.01731
5.84557 0.0175517
5.92702 0.0177968
6.00961 0.0180454
6.09335 0.0182974
6.17825 0.018553
6.26434 0.0188122
6.35162 0.019075
6.44012 0.0193414
6.52986 0.0196117
6.62085 0.0198857
6.7131 0.0201636
6.80664 0.0204454
6.90148 0.0207311
6.99765 0.0210209
7.09515 0.0213147
7.19401 0.0216127
7.29425 0.0219149
7.39589 0.0222213
7.49894 0.022532
7.60343 0.0228471
7.70938 0.0231667
7.8168 0.0234907
7.92572 0.0238194
8.03615 0.0241526
8.14813 0.0244906
8.26166 0.0248333
8.37678 0.0251809
8.4935 0.0255333
8.61184 0.0258908
8.73184 0.0262533
8.85351 0.0266209
8.97687 0.0269938
9.10195 0.0273719
9.22878 0.0277554
9.35737 0.0281443
9.48776 0.0285387
9.61996 0.0289387
9.754 0.0293443
9.88991 0.0297558
10.0277 0.030173
10.1674 0.0305962
10.3091 0.0310254
10.4528 0.0314607
10.5984 0.0319023
10.7461 0.03235
10.8958 0.0328042
11.0476 0.0332649
11.2016 0.0337321
11.3576 0.034206
11.5159 0.0346866
11.6764 0.0351741
11.8391 0.0356686
12.004 0.0361702
12.1713 0.036679
12.3409 0.037195
12.5128 0.0377185
12.6872 0.0382494
12.864 0.038788
13.0432 0.0393344
13.225 0.0398886
13.4092 0.0404508
13.5961 0.0410211
13.7855 0.0415996
13.9776 0.0421865
14.1724 0.0427819
14.3698 0.0433859
14.5701 0.0439986
14.7731 0.0446203
14.9789 0.045251
15.1876 0.0458908
15.3993 0.04654
15.6138 0.0471986
15.8314 0.0478668
16.052 0.0485448
16.2757 0.0492327
16.5024 0.0499307
16.7324 0.050639
16.9655 0.0513576
17.2019 0.0520868
17.4416 0.0528268
17.6846 0.0535777
17.9311 0.0543397
18.1809 0.055113
18.4342 0.0558977
18.6911 0.0566941
18.9515 0.0575024
19.2156 0.0583227
19.4833 0.0591553
19.7548 0.0600003
20.0301 0.060858
20.3092 0.0617286
20.5922 0.0626123
20.8791 0.0635093
21.17 0.0644199
21.465 0.0653443
21.7641 0.0662828
22.0673 0.0672355
22.3748 0.0682028
22.6866 0.0691849
23.0027 0.0701821
23.3232 0.0711946
23.6482 0.0722227
23.9777 0.0732667
24.3118 0.0743269
24.6506 0.0754036
24.994 0.0764971
25.3423 0.0776077
25.6954 0.0787358
26.0535 0.0798816
26.4165 0.0810456
26.7846 0.0822279
27.1578 0.0834292
27.5362 0.0846495
27.9199 0.0858895
28.3089 0.0871494
28.7034 0.0884296
29.1033 0.0897306
29.5088 0.0910528
29.92 0.0923966
30.3369 0.0937625
30.7596 0.0951509
31.1882 0.0965622
31.6228 0.0979971
32.0634 0.099456
32.5102 0.100939
32.9632 0.102448
33.4225 0.103982
33.8882 0.105542
34.3604 0.107129
34.8391 0.108743
35.3246 0.110386
35.8168 0.112057
36.3158 0.113757
36.8219 0.115487
37.3349 0.117248
37.8552 0.119041
38.3826 0.120866
38.9174 0.122724
39.4597 0.124615
40.0095 0.126542
40.567 0.128504
41.1323 0.130503
41.7054 0.132539
42.2865 0.134614
42.8757 0.136728
43.4732 0.138883
44.0789 0.14108
44.6931 0.14332
45.3158 0.145604
45.9473 0.147933
46.5875 0.15031
47.2366 0.152734
47.8948 0.155208
48.5622 0.157734
49.2388 0.160312
49.9249 0.162944
50.6206 0.165632
51.3259 0.168379
52.0411 0.171185
52.7662 0.174053
53.5014 0.176986
54.2469 0.179984
55.0028 0.183051
55.7692 0.186188
56.5463 0.1894
57.3342 0.192687
58.133 0.196054
58.9431 0.199502
59.7644 0.203036
60.5971 0.206659
61.4415 0.210373
62.2976 0.214184
63.1656 0.218095
64.0458 0.22211
64.9382 0.226233
65.843 0.230471
66.7604 0.234827
67.6907 0.239307
68.6339 0.243917
69.5902 0.248664
70.5599 0.253553
71.543 0.258593
72.5399 0.26379
73.5507 0.269153
74.5755 0.274692
75.6146 0.280415
76.6682 0.286332
77.7365 0.292456
78.8197 0.298799
79.9179 0.305372
81.0315 0.312192
82.1606 0.319273
83.3054 0.326632
84.4661 0.334289
85.6431 0.342264
86.8364 0.350579
88.0464 0.359259
89.2732 0.368332
90.5171 0.377828
91.7784 0.387782
93.0572 0.39823
94.3538 0.409216
95.6686 0.420787
97.0016 0.432996
98.3532 0.445904
99.7236 0.45958
101.113 0.474101
102.522 0.489558
103.951 0.506053
105.399 0.523705
106.868 0.542653
108.357 0.563057
109.867 0.585108
111.397 0.609029
112.95 0.635087
114.523 0.663599
116.119 0.69495
117.737 0.729605
119.378 0.768136
121.041 0.811246
122.728 0.859811
124.438 0.914928
126.172 0.977986
127.93 1.05076
129.712 1.13551
131.52 1.23519
133.352 1.35357
135.21 1.49555
137.094 1.6673
139.004 1.87635
140.941 2.1311
142.905 2.43908
144.896 2.80241
146.915 3.20899
148.962 3.62059
151.038 3.9688
153.143 4.18012
155.277 4.23197
157.44 4.18886
159.634 4.17827
161.858 4.34757
164.113 4.84925
166.4 5.78663
168.719 6.85723
171.07 6.96437
173.453 5.81235
175.87 4.53139
178.321 3.67271
180.805 3.19014
183.325 2.9592
185.879 2.90081
188.469 2.97786
191.095 3.18165
193.758 3.52451
196.458 4.03614
199.195 4.75612
201.971 5.70466
204.785 6.79827
207.638 7.71938
210.532 7.97951
213.465 7.41546
216.44 6.42242
219.455 5.46352
222.513 4.73719
225.614 4.25546
228.757 3.97266
231.945 3.84207
235.177 3.82942
238.454 3.91253
241.776 4.07817
245.145 4.31898
248.561 4.63106
252.024 5.01163
255.536 5.45681
259.096 5.95911
262.707 6.5051
266.367 7.07434
270.079 7.64183
273.842 8.1867
277.658 8.70884
281.526 9.25157
285.449 9.9248
289.427 10.917
293.459 12.4516
297.548 14.5166
301.694 16.1588
305.898 15.6058
310.161 12.9242
314.482 9.97114
318.864 7.71768
323.307 6.18961
327.812 5.2006
332.38 4.62625
337.011 4.52697
341.707 5.14048
346.468 4.66184
351.296 4.89175
356.191 5.43804
361.154 5.26858
366.186 4.29374
371.289 3.36894
376.462 2.76155
381.708 2.38851
387.026 2.15663
392.419 2.01008
397.887 1.91806
403.431 1.86329
409.052 1.83566
414.752 1.82904
420.531 1.83956
426.391 1.86479
432.332 1.90331
438.356 1.95484
444.464 2.02146
450.657 2.11432
456.936 2.3042
463.303 2.85194
469.759 2.45389
476.304 2.42857
482.941 2.49031
489.67 2.57037
496.493 2.65696
503.411 2.74811
510.426 2.84615
517.538 2.95781
524.749 3.09626
532.061 3.2852
539.475 3.56658
546.992 4.01536
554.613 4.76497
562.341 6.02874
570.177 7.96226
578.122 9.83086
586.177 9.52836
594.345 7.25559
602.626 5.12933
611.023 3.73084
619.537 2.86014
628.17 2.31652
636.922 2.14957
645.797 1.88724
654.796 1.42121
663.919 1.22145
673.17 1.07517
682.55 0.957482
692.061 0.859388
701.704 0.775949
711.481 0.703969
721.395 0.641209
731.447 0.586026
741.639 0.537169
751.972 0.493664
762.45 0.454734
773.074 0.419751
783.846 0.388198
794.768 0.359644
805.842 0.333727
817.071 0.310141
828.456 0.288623
839.999 0.268949
851.704 0.250921
863.571 0.234371
875.604 0.21915
887.804 0.205127
900.175 0.192187
912.718 0.180229
925.435 0.169163
938.33 0.158907
951.405 0.149391
964.662 0.14055
978.103 0.132327
991.732 0.12467
1005.55 0.117533
1019.56 0.110873
1033.77 0.104653
1048.17 0.0988386
1062.78 0.0933981
1077.59 0.0883032
1092.6 0.0835281
1107.82 0.0790493
1123.26 0.0748451
1138.91 0.0708959
1154.78 0.0671837
1170.87 0.0636919
1187.19 0.0604053
1203.73 0.0573099
1220.5 0.054393
1237.51 0.0516425
1254.75 0.0490476
1272.23 0.0465982
1289.96 0.044285
1307.94 0.0420992
1326.16 0.040033
1344.64 0.0380787
1363.38 0.0362297
1382.37 0.0344793
1401.63 0.0328218
1421.16 0.0312515
1440.97 0.0297633
1461.04 0.0283523
1481.4 0.0270141
1502.04 0.0257445
1522.97 0.0245395
1544.19 0.0233955
1565.71 0.0223091
1587.53 0.021277
1609.65 0.0202963
1632.08 0.0193641
1654.82 0.0184778
1677.88 0.0176348
1701.25 0.016833
1724.96 0.01607
1748.99 0.0153438
1773.36 0.0146525
1798.07 0.0139942
1823.13 0.0133673
1848.53 0.0127701
1874.29 0.012201
1900.4 0.0116588
1926.88 0.0111419
1953.73 0.0106491
1980.96 0.0101792
2008.56 0.00973112
2036.55 0.00930368
2064.92 0.0088959
2093.7 0.0085068
2122.87 0.00813549
2152.45 0.00778108
2182.44 0.00744276
2212.85 0.00711975
2243.68 0.00681132
2274.95 0.00651677
2306.65 0.00623545
2338.79 0.00596671
2371.37 0.00570997
2404.42 0.00546466
2437.92 0.00523025
2471.89 0.00500623
2506.33 0.00479211
2541.25 0.00458744
2576.66 0.00439178
2612.57 0.0042047
2648.97 0.00402583
2685.88 0.00385478
2723.3 0.0036912
2761.25 0.00353474
2799.73 0.00338509
2838.74 0.00324193
2878.29 0.00310498
2918.4 0.00297395
2959.06 0.00284857
3000.29 0.00272861
3042.1 0.0026138
3084.49 0.00250393
3127.46 0.00239878
3171.04 0.00229812
3215.23 0.00220178
3260.03 0.00210955
3305.45 0.00202126
3351.51 0.00193673
3398.21 0.0018558
3445.56 0.00177831
3493.57 0.00170411
3542.25 0.00163305
3591.6 0.00156501
3641.65 0.00149984
3692.39 0.00143743
3743.84 0.00137765
3796.01 0.0013204
3848.9 0.00126555
3902.53 0.00121302
3956.91 0.00116269
4012.04 0.00111448
4067.94 0.0010683
4124.63 0.00102405
4182.1 0.000981651
4240.37 0.000941031
4299.46 0.00090211
4359.36 0.000864817
4420.11 0.000829081
4481.7 0.000794837
4544.14 0.000762021
4607.46 0.000730574
4671.66 0.000700436
4736.75 0.000671553
4802.75 0.000643872
4869.68 0.000617342
4937.53 0.000591914
5006.33 0.000567542
5076.08 0.000544181
5146.81 0.00052179
5218.53 0.000500326
5291.24 0.000479753
5364.97 0.000460031
5439.72 0.000441125
5515.52 0.000423002
5592.37 0.000405628
5670.3 0.000388973
5749.31 0.000373005
5829.42 0.000357697
5910.64 0.000343021
5993 0.000328951
6076.5 0.000315461
6161.17 0.000302527
6247.02 0.000290126
6334.07 0.000278236
6422.33 0.000266836
6511.81 0.000255905
6602.55 0.000245424
6694.55 0.000235375
6787.83 0.000225738
6882.41 0.000216498
6978.31 0.000207638
7075.54 0.000199142
7174.13 0.000190995
7274.09 0.000183182
7375.45 0.000175691
7478.22 0.000168506
7582.42 0.000161617
7688.07 0.00015501
7795.19 0.000148675
7903.81 0.000142599
8013.94 0.000136772
8125.61 0.000131184
8238.83 0.000125825
8353.63 0.000120686
8470.02 0.000115757
8588.04 0.00011103
8707.71 0.000106496
8829.04 0.000102148
8952.06 9.79784e-05
9076.8 9.39791e-05
9203.27 9.01435e-05
9331.51 8.64648e-05
9461.53 8.29366e-05
9593.37 7.95527e-05
9727.04 7.63071e-05
9862.58 7.31942e-05
10000 7.02086e-05
