W E1
0.1 -101511
0.101388 -98749.3
0.102796 -96063.1
0.104223 -93450
0.10567 -90907.9
0.107137 -88435
0.108625 -86029.4
0.110133 -83689.2
0.111662 -81412.6
0.113212 -79198
0.114784 -77043.6
0.116377 -74947.8
0.117993 -72909
0.119631 -70925.7
0.121292 -68996.3
0.122976 -67119.3
0.124683 -65293.5
0.126414 -63517.3
0.128169 -61789.4
0.129949 -60108.5
0.131753 -58473.3
0.133582 -56882.6
0.135437 -55335.1
0.137317 -53829.8
0.139224 -52365.4
0.141156 -50940.8
0.143116 -49555
0.145103 -48206.9
0.147118 -46895.4
0.14916 -45619.6
0.151231 -44378.5
0.153331 -43171.2
0.155459 -41996.7
0.157618 -40854.1
0.159806 -39742.6
0.162025 -38661.4
0.164274 -37609.5
0.166555 -36586.3
0.168867 -35590.9
0.171212 -34622.6
0.173589 -33680.6
0.175999 -32764.2
0.178442 -31872.8
0.180919 -31005.6
0.183431 -30162
0.185978 -29341.3
0.18856 -28543
0.191178 -27766.4
0.193832 -27010.9
0.196523 -26275.9
0.199251 -25560.9
0.202018 -24865.4
0.204822 -24188.8
0.207666 -23530.6
0.210549 -22890.3
0.213472 -22267.4
0.216436 -21661.5
0.219441 -21072.1
0.222487 -20498.6
0.225576 -19940.8
0.228708 -19398.1
0.231883 -18870.2
0.235103 -18356.7
0.238367 -17857.1
0.241676 -17371.2
0.245031 -16898.4
0.248433 -16438.5
0.251882 -15991.1
0.255379 -15555.9
0.258925 -15132.5
0.26252 -14720.6
0.266164 -14319.9
0.26986 -13930.2
0.273606 -13551
0.277405 -13182.1
0.281256 -12823.3
0.285161 -12474.2
0.28912 -12134.7
0.293134 -11804.3
0.297203 -11483
0.30133 -11170.4
0.305513 -10866.3
0.309755 -10570.4
0.314055 -10282.6
0.318415 -10002.7
0.322836 -9730.34
0.327318 -9465.4
0.331862 -9207.67
0.33647 -8956.94
0.341141 -8713.04
0.345877 -8475.77
0.350679 -8244.95
0.355548 -8020.42
0.360484 -7801.98
0.365489 -7589.49
0.370563 -7382.78
0.375708 -7181.7
0.380924 -6986.08
0.386213 -6795.78
0.391574 -6610.66
0.397011 -6430.57
0.402523 -6255.38
0.408111 -6084.96
0.413777 -5919.17
0.419522 -5757.89
0.425346 -5601
0.431251 -5448.37
0.437239 -5299.9
0.443309 -5155.47
0.449464 -5014.96
0.455704 -4878.27
0.462031 -4745.31
0.468445 -4615.96
0.474949 -4490.12
0.481543 -4367.71
0.488228 -4248.63
0.495006 -4132.79
0.501879 -4020.1
0.508847 -3910.47
0.515911 -3803.83
0.523074 -3700.09
0.530336 -3599.16
0.537699 -3500.99
0.545164 -3405.48
0.552732 -3312.57
0.560406 -3222.19
0.568187 -3134.27
0.576075 -3048.73
0.584073 -2965.53
0.592182 -2884.59
0.600403 -2805.85
0.608739 -2729.25
0.61719 -2654.73
0.625759 -2582.24
0.634447 -2511.72
0.643255 -2443.12
0.652186 -2376.39
0.66124 -2311.47
0.670421 -2248.32
0.679728 -2186.89
0.689165 -2127.12
0.698733 -2068.98
0.708434 -2012.43
0.718269 -1957.41
0.728242 -1903.88
0.738352 -1851.82
0.748603 -1801.17
0.758996 -1751.89
0.769534 -1703.96
0.780217 -1657.33
0.791049 -1611.97
0.802032 -1567.84
0.813167 -1524.92
0.824456 -1483.16
0.835903 -1442.54
0.847508 -1403.02
0.859274 -1364.57
0.871204 -1327.18
0.883299 -1290.8
0.895562 -1255.4
0.907996 -1220.98
0.920602 -1187.48
0.933383 -1154.9
0.946342 -1123.21
0.95948 -1092.37
0.972801 -1062.38
0.986307 -1033.2
1 -1004.82
1.01388 -977.204
1.02796 -950.342
1.04223 -924.211
1.0567 -898.79
1.07137 -874.061
1.08625 -850.005
1.10133 -826.603
1.11662 -803.837
1.13212 -781.691
1.14784 -760.147
1.16377 -739.189
1.17993 -718.801
1.19631 -698.968
1.21292 -679.674
1.22976 -660.904
1.24683 -642.646
1.26414 -624.884
1.28169 -607.605
1.29949 -590.796
1.31753 -574.444
1.33582 -558.537
1.35437 -543.062
1.37317 -528.009
1.39224 -513.365
1.41156 -499.119
1.43116 -485.261
1.45103 -471.779
1.47118 -458.665
1.4916 -445.907
1.51231 -433.496
1.53331 -421.422
1.55459 -409.677
1.57618 -398.252
1.59806 -387.137
1.62025 -376.325
1.64274 -365.806
1.66555 -355.574
1.68867 -345.62
1.71212 -335.937
1.73589 -326.517
1.75999 -317.353
1.78442 -308.439
1.80919 -299.767
1.83431 -291.331
1.85978 -283.124
1.8856 -275.141
1.91178 -267.374
1.93832 -259.819
1.96523 -252.47
1.99251 -245.32
2.02018 -238.365
2.04822 -231.599
2.07666 -225.017
2.10549 -218.614
2.13472 -212.385
2.16436 -206.326
2.19441 -200.431
2.22487 -194.697
2.25576 -189.119
2.28708 -183.692
2.31883 -178.413
2.35103 -173.278
2.38367 -168.282
2.41676 -163.422
2.45031 -158.695
2.48433 -154.096
2.51882 -149.622
2.55379 -145.269
2.58925 -141.035
2.6252 -136.917
2.66164 -132.91
2.6986 -129.012
2.73606 -125.22
2.77405 -121.532
2.81256 -117.944
2.85161 -114.453
2.8912 -111.057
2.93134 -107.754
2.97203 -104.54
3.0133 -101.414
3.05513 -98.3731
3.09755 -95.4147
3.14055 -92.5368
3.18415 -89.7371
3.22836 -87.0137
3.27318 -84.3642
3.31862 -81.7869
3.3647 -79.2796
3.41141 -76.8406
3.45877 -74.4678
3.50679 -72.1597
3.55548 -69.9142
3.60484 -67.7299
3.65489 -65.605
3.70563 -63.5378
3.75708 -61.5269
3.80924 -59.5707
3.86213 -57.6677
3.91574 -55.8165
3.97011 -54.0156
4.02523 -52.2636
4.08111 -50.5594
4.13777 -48.9014
4.19522 -47.2886
4.25346 -45.7197
4.31251 -44.1934
4.37239 -42.7086
4.43309 -41.2642
4.49464 -39.8591
4.55704 -38.4922
4.62031 -37.1625
4.68445 -35.8689
4.74949 -34.6105
4.81543 -33.3864
4.88228 -32.1955
4.95006 -31.0371
5.01879 -29.9101
5.08847 -28.8138
5.15911 -27.7473
5.23074 -26.7098
5.30336 -25.7005
5.37699 -24.7187
5.45164 -23.7636
5.52732 -22.8344
5.60406 -21.9305
5.68187 -21.0512
5.76075 -20.1958
5.84073 -19.3637
5.92182 -18.5542
6.00403 -17.7667
6.08739 -17.0007
6.1719 -16.2554
6.25759 -15.5304
6.34447 -14.8252
6.43255 -14.1391
6.52186 -13.4717
6.6124 -12.8224
6.70421 -12.1908
6.79728 -11.5763
6.89165 -10.9786
6.98733 -10.3971
7.08434 -9.83142
7.18269 -9.28112
7.28242 -8.74578
7.38352 -8.225
7.48603 -7.71838
7.58996 -7.22553
7.69534 -6.74607
7.80217 -6.27966
7.91049 -5.82592
8.02032 -5.38451
8.13167 -4.9551
8.24456 -4.53737
8.35903 -4.13099
8.47508 -3.73565
8.59274 -3.35106
8.71204 -2.97692
8.83299 -2.61295
8.95562 -2.25886
9.07996 -1.9144
9.20602 -1.5793
9.33383 -1.25331
9.46342 -0.936165
9.5948 -0.62764
9.72801 -0.327496
9.86307 -0.035505
10 0.248556
10.1388 0.524902
10.2796 0.793745
10.4223 1.05529
10.567 1.30973
10.7137 1.55726
10.8625 1.79808
11.0133 2.03236
11.1662 2.26028
11.3212 2.48201
11.4784 2.69773
11.6377 2.9076
11.7993 3.11178
11.9631 3.31042
12.1292 3.50367
12.2976 3.69168
12.4683 3.8746
12.6414 4.05256
12.8169 4.2257
12.9949 4.39415
13.1753 4.55804
13.3582 4.71749
13.5437 4.87263
13.7317 5.02356
13.9224 5.17042
14.1156 5.3133
14.3116 5.45232
14.5103 5.58758
14.7118 5.71919
14.916 5.84725
15.1231 5.97184
15.3331 6.09308
15.5459 6.21105
15.7618 6.32583
15.9806 6.43753
16.2025 6.54621
16.4274 6.65198
16.6555 6.75489
16.8867 6.85504
17.1212 6.9525
17.3589 7.04735
17.5999 7.13965
17.8442 7.22948
18.0919 7.3169
18.3431 7.40198
18.5978 7.48479
18.856 7.56539
19.1178 7.64384
19.3832 7.7202
19.6523 7.79452
19.9251 7.86687
20.2018 7.93731
20.4822 8.00587
20.7666 8.07262
21.0549 8.13761
21.3472 8.20088
21.6436 8.26248
21.9441 8.32247
22.2487 8.38088
22.5576 8.43777
22.8708 8.49317
23.1883 8.54712
23.5103 8.59967
23.8367 8.65086
24.1676 8.70073
24.5031 8.74931
24.8433 8.79664
25.1882 8.84277
25.5379 8.88771
25.8925 8.93151
26.252 8.9742
26.6164 9.01582
26.986 9.05639
27.3606 9.09594
27.7405 9.13451
28.1256 9.17213
28.5161 9.20882
28.912 9.24462
29.3134 9.27954
29.7203 9.31362
30.133 9.34688
30.5513 9.37936
30.9755 9.41106
31.4055 9.44202
31.8415 9.47227
32.2836 9.50181
32.7318 9.53069
33.1862 9.55891
33.647 9.58651
34.1141 9.6135
34.5877 9.6399
35.0679 9.66573
35.5548 9.69102
36.0484 9.71579
36.5489 9.74004
37.0563 9.76381
37.5708 9.78711
38.0924 9.80995
38.6213 9.83236
39.1574 9.85436
39.7011 9.87596
40.2523 9.89718
40.8111 9.91803
41.3777 9.93853
41.9522 9.9587
42.5346 9.97856
43.1251 9.99811
43.7239 10.0174
44.3309 10.0364
44.9464 10.0551
45.5704 10.0737
46.2031 10.092
46.8445 10.11
47.4949 10.1279
48.1543 10.1457
48.8228 10.1632
49.5006 10.1806
50.1879 10.1979
50.8847 10.2151
51.5911 10.2321
52.3074 10.2491
53.0336 10.266
53.7699 10.2829
54.5164 10.2997
55.2732 10.3165
56.0406 10.3332
56.8187 10.35
57.6075 10.3668
58.4073 10.3837
59.2182 10.4006
60.0403 10.4176
60.8739 10.4346
61.719 10.4518
62.5759 10.4691
63.4447 10.4866
64.3255 10.5042
65.2186 10.522
66.124 10.54
67.0421 10.5582
67.9728 10.5767
68.9165 10.5955
69.8733 10.6145
70.8434 10.6339
71.8269 10.6536
72.8242 10.6737
73.8352 10.6941
74.8603 10.715
75.8996 10.7364
76.9534 10.7583
78.0217 10.7806
79.1049 10.8036
80.2032 10.8271
81.3167 10.8513
82.4456 10.8761
83.5903 10.9017
84.7508 10.928
85.9274 10.9552
87.1204 10.9832
88.3299 11.0122
89.5562 11.0421
90.7996 11.0732
92.0602 11.1053
93.3383 11.1387
94.6342 11.1733
95.948 11.2094
97.2801 11.2469
98.6307 11.286
100 11.3268
101.388 11.3694
102.796 11.414
104.223 11.4607
105.67 11.5096
107.137 11.5611
108.625 11.6152
110.133 11.6722
111.662 11.7322
113.212 11.7957
114.784 11.8629
116.377 11.934
117.993 12.0095
119.631 12.0897
121.292 12.175
122.976 12.2658
124.683 12.3626
126.414 12.4658
128.169 12.5755
129.949 12.6921
131.753 12.8153
133.582 12.9444
135.437 13.0777
137.317 13.2121
139.224 13.3417
141.156 13.4569
143.116 13.5429
145.103 13.5782
147.118 13.5376
149.16 13.4002
151.231 13.1675
153.331 12.8822
155.459 12.6255
157.618 12.4831
159.806 12.504
162.025 12.6811
164.274 12.9342
166.555 13.025
168.867 12.3995
171.212 10.6828
173.589 9.12955
175.999 8.77157
178.442 9.10223
180.919 9.62506
183.431 10.1659
185.978 10.6845
188.56 11.1783
191.178 11.6508
193.832 12.0992
196.523 12.5037
199.251 12.8097
202.018 12.9004
204.822 12.5794
207.666 11.6585
210.549 10.2525
213.472 8.9231
216.436 8.16532
219.441 7.99509
222.487 8.18625
225.576 8.54347
228.708 8.95796
231.883 9.37921
235.103 9.78602
238.367 10.1699
241.676 10.5269
245.031 10.8536
248.433 11.1455
251.882 11.3956
255.379 11.5945
258.925 11.7305
262.52 11.792
266.164 11.7709
269.86 11.6683
273.606 11.5011
277.405 11.3061
281.256 11.134
285.161 11.0273
289.12 10.9651
293.134 10.74
297.203 9.73791
301.33 6.98373
305.513 2.75383
309.755 -0.410025
314.055 -1.38696
318.415 -1.08275
322.836 -0.322447
327.318 0.55389
331.862 1.45809
336.47 2.37993
341.141 2.5748
345.877 2.33037
350.679 2.66594
355.548 2.21896
360.484 1.64687
365.489 1.71985
370.563 2.12518
375.708 2.57561
380.924 2.99092
386.213 3.36078
391.574 3.69061
397.011 3.98772
402.523 4.25838
408.111 4.50752
413.777 4.73893
419.522 4.95555
425.346 5.15971
431.251 5.35344
437.239 5.5389
443.309 5.7194
449.464 5.90262
455.704 6.11535
462.031 6.34873
468.445 5.93125
474.949 6.15401
481.543 6.28494
488.228 6.37908
495.006 6.4521
501.879 6.51283
508.847 6.57043
515.911 6.63644
523.074 6.72504
530.336 6.85159
537.699 7.02787
545.164 7.24927
552.732 7.45976
560.406 7.46078
568.187 6.74451
576.075 4.60968
584.073 1.52572
592.182 -0.5676
600.403 -1.14508
608.739 -0.939066
617.19 -0.488511
625.759 0.00583192
634.447 0.53539
643.255 0.370873
652.186 0.852974
661.24 1.19964
670.421 1.47307
679.728 1.70606
689.165 1.91029
698.733 2.09207
708.434 2.25555
718.269 2.40371
728.242 2.53883
738.352 2.66272
748.603 2.77682
758.996 2.8823
769.534 2.98016
780.217 3.07123
791.049 3.1562
802.032 3.23568
813.167 3.31019
824.456 3.38018
835.903 3.44605
847.508 3.50815
859.274 3.56678
871.204 3.62222
883.299 3.67472
895.562 3.72449
907.996 3.77174
920.602 3.81663
933.383 3.85934
946.342 3.9
959.48 3.93875
972.801 3.97571
986.307 4.011
1000 4.04471
1013.88 4.07694
1027.96 4.10777
1042.23 4.13729
1056.7 4.16557
1071.37 4.19267
1086.25 4.21867
1101.33 4.24361
1116.62 4.26756
1132.12 4.29056
1147.84 4.31267
1163.77 4.33392
1179.93 4.35435
1196.31 4.37402
1212.92 4.39295
1229.76 4.41118
1246.83 4.42873
1264.14 4.44565
1281.69 4.46196
1299.49 4.47768
1317.53 4.49285
1335.82 4.50748
1354.37 4.52159
1373.17 4.53522
1392.24 4.54838
1411.56 4.56109
1431.16 4.57337
1451.03 4.58523
1471.18 4.59669
1491.6 4.60778
1512.31 4.61849
1533.31 4.62885
1554.59 4.63887
1576.18 4.64857
1598.06 4.65794
1620.25 4.66702
1642.74 4.67581
1665.55 4.68431
1688.67 4.69254
1712.12 4.70052
1735.89 4.70824
1759.99 4.71572
1784.42 4.72296
1809.19 4.72998
1834.31 4.73678
1859.78 4.74337
1885.6 4.74976
1911.78 4.75595
1938.32 4.76195
1965.23 4.76777
1992.51 4.77341
2020.18 4.77888
2048.22 4.78419
2076.66 4.78934
2105.49 4.79433
2134.72 4.79917
2164.36 4.80387
2194.41 4.80842
2224.87 4.81284
2255.76 4.81713
2287.08 4.8213
2318.83 4.82534
2351.03 4.82926
2383.67 4.83307
2416.76 4.83676
2450.31 4.84035
2484.33 4.84383
2518.82 4.84721
2553.79 4.8505
2589.25 4.85368
2625.2 4.85678
2661.64 4.85978
2698.6 4.8627
2736.06 4.86554
2774.05 4.86829
2812.56 4.87096
2851.61 4.87356
2891.2 4.87608
2931.34 4.87853
2972.03 4.88091
3013.3 4.88323
3055.13 4.88547
3097.55 4.88766
3140.55 4.88978
3184.15 4.89184
3228.36 4.89384
3273.18 4.89579
3318.62 4.89768
3364.7 4.89951
3411.41 4.9013
3458.77 4.90303
3506.79 4.90472
3555.48 4.90636
3604.84 4.90795
3654.89 4.9095
3705.63 4.911
3757.08 4.91246
3809.24 4.91389
3862.13 4.91527
3915.74 4.91661
3970.11 4.91791
4025.23 4.91918
4081.11 4.92042
4137.77 4.92162
4195.22 4.92278
4253.46 4.92391
4312.51 4.92502
4372.39 4.92609
4433.09 4.92713
4494.64 4.92814
4557.04 4.92912
4620.31 4.93008
4684.45 4.93101
4749.49 4.93192
4815.43 4.93279
4882.28 4.93365
4950.06 4.93448
5018.79 4.93529
5088.47 4.93608
5159.11 4.93684
5230.74 4.93758
5303.36 4.93831
5376.99 4.93901
5451.64 4.93969
5527.32 4.94036
5604.06 4.941
5681.87 4.94163
5760.75 4.94224
5840.73 4.94284
5921.82 4.94341
6004.03 4.94397
6087.39 4.94452
6171.9 4.94505
6257.59 4.94557
6344.47 4.94607
6432.55 4.94656
6521.86 4.94704
6612.4 4.9475
6704.21 4.94795
6797.28 4.94839
6891.65 4.94881
6987.33 4.94922
7084.34 4.94963
7182.69 4.95002
7282.42 4.9504
7383.52 4.95077
7486.03 4.95113
7589.96 4.95148
7695.34 4.95182
7802.17 4.95215
7910.49 4.95247
8020.32 4.95278
8131.67 4.95309
8244.56 4.95339
8359.03 4.95367
8475.08 4.95395
8592.74 4.95423
8712.04 4.95449
8832.99 4.95475
8955.62 4.955
9079.96 4.95525
9206.02 4.95548
9333.83 4.95571
9463.42 4.95594
9594.8 4.95616
9728.01 4.95637
9863.07 4.95658
10000 4.95678
