0 10.553
6.32911 10.5569
12.6582 10.5686
18.9873 10.5885
25.3165 10.617
31.6456 10.655
37.9747 10.7038
44.3038 10.7653
50.6329 10.8426
56.962 10.9409
63.2911 11.0701
69.6203 11.2539
75.9494 11.6115
82.2785 11.6566
88.6076 12.6281
94.9367 9.66272
101.266 9.89519
107.595 10.5968
113.924 11.0203
120.253 11.3714
126.582 11.7218
132.911 12.1142
139.241 12.5927
145.57 13.2235
151.899 14.1182
158.228 15.3354
164.557 14.4433
170.886 8.55847
177.215 9.20651
183.544 10.6102
189.873 11.7972
196.203 12.7945
202.532 13.0932
208.861 11.1518
215.19 8.66994
221.519 8.56464
227.848 9.41297
234.177 10.3853
240.506 11.3547
246.835 12.3481
253.165 13.4176
259.494 14.6158
265.823 15.972
272.152 17.4048
278.481 18.4567
284.81 18.0726
291.139 15.3247
297.468 8.0672
303.797 -0.870318
310.127 -3.50674
316.456 -2.46986
322.785 -0.809848
329.114 0.626362
335.443 1.65678
341.772 2.20925
348.101 2.24989
354.43 1.88507
360.759 1.41151
367.089 1.12583
373.418 1.12232
379.747 1.33415
386.076 1.66219
392.405 2.03513
398.734 2.41364
405.063 2.77932
411.392 3.12526
417.722 3.45019
424.051 3.75548
430.38 4.04361
436.709 4.31744
443.038 4.57987
449.367 4.83375
455.696 5.08179
462.025 5.32665
468.354 5.57092
474.684 5.81717
481.013 6.06803
487.342 6.32617
493.671 6.59434
500 6.87535
506.329 7.1719
512.658 7.48631
518.987 7.81987
525.316 8.17153
531.646 8.53536
537.975 8.89547
544.304 9.21676
550.633 9.42855
556.962 9.40105
563.291 8.92793
569.62 7.76829
575.949 5.83425
582.278 3.45292
588.608 1.2891
594.937 -0.167122
601.266 -0.875869
607.595 -1.05315
613.924 -0.92883
620.253 -0.660139
626.582 -0.336514
632.911 -0.00392144
639.241 0.315901
645.57 0.613854
651.899 0.887162
658.228 1.13607
664.557 1.36216
670.886 1.56752
677.215 1.75432
683.544 1.9246
689.873 2.08025
696.203 2.22294
702.532 2.35412
708.861 2.47507
715.19 2.58692
721.519 2.69063
727.848 2.78704
734.177 2.8769
740.506 2.96083
746.835 3.03942
753.165 3.11316
759.494 3.18247
765.823 3.24776
772.152 3.30937
778.481 3.3676
784.81 3.42272
791.139 3.47497
797.468 3.52459
803.797 3.57176
810.127 3.61666
816.456 3.65946
822.785 3.7003
829.114 3.73931
835.443 3.77661
841.772 3.81232
848.101 3.84653
854.43 3.87933
860.759 3.91082
867.089 3.94107
873.418 3.97015
879.747 3.99813
886.076 4.02507
892.405 4.05102
898.734 4.07605
905.063 4.10019
911.392 4.12349
917.722 4.146
924.051 4.16776
930.38 4.1888
936.709 4.20915
943.038 4.22886
949.367 4.24794
955.696 4.26643
962.025 4.28436
968.354 4.30175
974.684 4.31862
981.013 4.33499
987.342 4.35089
993.671 4.36634
1000 4.38136
1006.33 4.39595
1012.66 4.41015
1018.99 4.42396
1025.32 4.4374
1031.65 4.45049
1037.97 4.46323
1044.3 4.47565
1050.63 4.48774
1056.96 4.49954
1063.29 4.51103
1069.62 4.52225
1075.95 4.53319
1082.28 4.54386
1088.61 4.55429
1094.94 4.56446
1101.27 4.5744
1107.59 4.5841
1113.92 4.59359
1120.25 4.60285
1126.58 4.61191
1132.91 4.62077
1139.24 4.62943
1145.57 4.63791
1151.9 4.6462
1158.23 4.65431
1164.56 4.66225
1170.89 4.67002
1177.22 4.67763
1183.54 4.68508
1189.87 4.69238
1196.2 4.69953
1202.53 4.70653
1208.86 4.7134
1215.19 4.72013
1221.52 4.72673
1227.85 4.73319
1234.18 4.73954
1240.51 4.74576
1246.84 4.75186
1253.16 4.75785
1259.49 4.76372
1265.82 4.76949
1272.15 4.77515
1278.48 4.7807
1284.81 4.78616
1291.14 4.79151
1297.47 4.79677
1303.8 4.80194
1310.13 4.80701
1316.46 4.812
1322.78 4.81689
1329.11 4.82171
1335.44 4.82644
1341.77 4.83109
1348.1 4.83566
1354.43 4.84015
1360.76 4.84457
1367.09 4.84891
1373.42 4.85319
1379.75 4.85739
1386.08 4.86153
1392.41 4.86559
1398.73 4.86959
1405.06 4.87353
1411.39 4.87741
1417.72 4.88122
1424.05 4.88498
1430.38 4.88867
1436.71 4.89231
1443.04 4.89589
1449.37 4.89942
1455.7 4.90289
1462.03 4.90631
1468.35 4.90968
1474.68 4.913
1481.01 4.91627
1487.34 4.91949
1493.67 4.92267
1500 4.92579
1506.33 4.92887
1512.66 4.93191
1518.99 4.93491
1525.32 4.93786
1531.65 4.94076
1537.97 4.94363
1544.3 4.94646
1550.63 4.94925
1556.96 4.95199
1563.29 4.9547
1569.62 4.95738
1575.95 4.96001
1582.28 4.96261
1588.61 4.96518
1594.94 4.96771
1601.27 4.97021
1607.59 4.97267
1613.92 4.9751
1620.25 4.9775
1626.58 4.97986
1632.91 4.9822
1639.24 4.9845
1645.57 4.98678
1651.9 4.98902
1658.23 4.99124
1664.56 4.99343
1670.89 4.99559
1677.22 4.99772
1683.54 4.99983
1689.87 5.00191
1696.2 5.00396
1702.53 5.00599
1708.86 5.008
1715.19 5.00997
1721.52 5.01193
1727.85 5.01386
1734.18 5.01577
1740.51 5.01765
1746.84 5.01951
1753.16 5.02135
1759.49 5.02317
1765.82 5.02496
1772.15 5.02674
1778.48 5.02849
1784.81 5.03022
1791.14 5.03193
1797.47 5.03363
1803.8 5.0353
1810.13 5.03695
1816.46 5.03859
1822.78 5.0402
1829.11 5.0418
1835.44 5.04338
1841.77 5.04494
1848.1 5.04648
1854.43 5.04801
1860.76 5.04952
1867.09 5.05101
1873.42 5.05249
1879.75 5.05395
1886.08 5.05539
1892.41 5.05682
1898.73 5.05823
1905.06 5.05963
1911.39 5.06101
1917.72 5.06238
1924.05 5.06373
1930.38 5.06507
1936.71 5.06639
1943.04 5.0677
1949.37 5.069
1955.7 5.07028
1962.03 5.07155
1968.35 5.07281
1974.68 5.07405
1981.01 5.07528
1987.34 5.0765
1993.67 5.0777
2000 5.07889
