W E1
0.1 -1.21499e+09
0.101453 -1.18047e+09
0.102927 -1.14693e+09
0.104423 -1.11434e+09
0.105941 -1.08268e+09
0.10748 -1.05193e+09
0.109042 -1.02204e+09
0.110627 -9.93011e+08
0.112234 -9.64803e+08
0.113865 -9.37398e+08
0.11552 -9.10773e+08
0.117199 -8.84904e+08
0.118902 -8.59772e+08
0.12063 -8.35354e+08
0.122382 -8.11631e+08
0.124161 -7.88582e+08
0.125965 -7.66189e+08
0.127796 -7.44433e+08
0.129653 -7.23296e+08
0.131537 -7.0276e+08
0.133448 -6.82808e+08
0.135388 -6.63424e+08
0.137355 -6.4459e+08
0.139351 -6.26293e+08
0.141376 -6.08516e+08
0.143431 -5.91244e+08
0.145515 -5.74464e+08
0.147629 -5.58161e+08
0.149775 -5.42322e+08
0.151951 -5.26933e+08
0.154159 -5.11982e+08
0.1564 -4.97456e+08
0.158672 -4.83344e+08
0.160978 -4.69632e+08
0.163317 -4.56311e+08
0.165691 -4.43368e+08
0.168099 -4.30794e+08
0.170541 -4.18577e+08
0.17302 -4.06708e+08
0.175534 -3.95177e+08
0.178085 -3.83973e+08
0.180673 -3.73088e+08
0.183298 -3.62512e+08
0.185962 -3.52238e+08
0.188664 -3.42255e+08
0.191406 -3.32557e+08
0.194187 -3.23134e+08
0.197009 -3.1398e+08
0.199872 -3.05085e+08
0.202776 -2.96444e+08
0.205723 -2.88049e+08
0.208713 -2.79892e+08
0.211746 -2.71967e+08
0.214823 -2.64268e+08
0.217944 -2.56788e+08
0.221112 -2.4952e+08
0.224325 -2.42459e+08
0.227585 -2.35599e+08
0.230892 -2.28934e+08
0.234247 -2.22459e+08
0.237651 -2.16167e+08
0.241105 -2.10055e+08
0.244608 -2.04117e+08
0.248163 -1.98347e+08
0.251769 -1.92742e+08
0.255428 -1.87296e+08
0.25914 -1.82005e+08
0.262905 -1.76864e+08
0.266726 -1.7187e+08
0.270602 -1.67017e+08
0.274534 -1.62303e+08
0.278524 -1.57723e+08
0.282571 -1.53273e+08
0.286677 -1.48949e+08
0.290843 -1.44749e+08
0.29507 -1.40668e+08
0.299358 -1.36703e+08
0.303708 -1.3285e+08
0.308121 -1.29108e+08
0.312599 -1.25472e+08
0.317142 -1.21939e+08
0.32175 -1.18507e+08
0.326426 -1.15172e+08
0.331169 -1.11932e+08
0.335982 -1.08785e+08
0.340864 -1.05726e+08
0.345818 -1.02755e+08
0.350843 -9.98686e+07
0.355941 -9.7064e+07
0.361114 -9.43392e+07
0.366361 -9.16919e+07
0.371685 -8.91199e+07
0.377087 -8.6621e+07
0.382566 -8.41932e+07
0.388126 -8.18345e+07
0.393766 -7.95428e+07
0.399488 -7.73163e+07
0.405293 -7.51531e+07
0.411183 -7.30515e+07
0.417158 -7.10096e+07
0.42322 -6.90258e+07
0.42937 -6.70984e+07
0.43561 -6.52258e+07
0.44194 -6.34065e+07
0.448362 -6.16389e+07
0.454878 -5.99216e+07
0.461488 -5.82531e+07
0.468194 -5.66321e+07
0.474998 -5.50571e+07
0.481901 -5.3527e+07
0.488903 -5.20404e+07
0.496008 -5.0596e+07
0.503216 -4.91927e+07
0.510529 -4.78293e+07
0.517947 -4.65047e+07
0.525474 -4.52178e+07
0.53311 -4.39674e+07
0.540857 -4.27526e+07
0.548717 -4.15724e+07
0.556691 -4.04257e+07
0.564781 -3.93116e+07
0.572988 -3.82292e+07
0.581314 -3.71776e+07
0.589762 -3.61558e+07
0.598332 -3.51631e+07
0.607027 -3.41987e+07
0.615848 -3.32616e+07
0.624798 -3.23512e+07
0.633877 -3.14667e+07
0.643088 -3.06073e+07
0.652434 -2.97724e+07
0.661915 -2.89612e+07
0.671533 -2.8173e+07
0.681292 -2.74073e+07
0.691192 -2.66633e+07
0.701237 -2.59405e+07
0.711427 -2.52382e+07
0.721765 -2.45558e+07
0.732254 -2.38929e+07
0.742895 -2.32488e+07
0.75369 -2.2623e+07
0.764643 -2.2015e+07
0.775755 -2.14242e+07
0.787028 -2.08503e+07
0.798465 -2.02926e+07
0.810068 -1.97508e+07
0.821839 -1.92244e+07
0.833782 -1.87129e+07
0.845899 -1.82159e+07
0.858191 -1.77331e+07
0.870662 -1.7264e+07
0.883314 -1.68082e+07
0.896151 -1.63653e+07
0.909173 -1.5935e+07
0.922385 -1.5517e+07
0.935789 -1.51108e+07
0.949388 -1.47161e+07
0.963184 -1.43326e+07
0.977181 -1.396e+07
0.991381 -1.35979e+07
1.00579 -1.32462e+07
1.0204 -1.29044e+07
1.03523 -1.25723e+07
1.05028 -1.22496e+07
1.06554 -1.1936e+07
1.08102 -1.16314e+07
1.09673 -1.13354e+07
1.11267 -1.10477e+07
1.12884 -1.07682e+07
1.14524 -1.04966e+07
1.16188 -1.02327e+07
1.17877 -9.97628e+06
1.1959 -9.72709e+06
1.21328 -9.48495e+06
1.23091 -9.24966e+06
1.2488 -9.02101e+06
1.26694 -8.79882e+06
1.28535 -8.5829e+06
1.30403 -8.37308e+06
1.32298 -8.16917e+06
1.34221 -7.97102e+06
1.36171 -7.77845e+06
1.3815 -7.5913e+06
1.40158 -7.40942e+06
1.42194 -7.23265e+06
1.44261 -7.06086e+06
1.46357 -6.89389e+06
1.48484 -6.73161e+06
1.50642 -6.57389e+06
1.52831 -6.42058e+06
1.55052 -6.27157e+06
1.57305 -6.12673e+06
1.59591 -5.98594e+06
1.6191 -5.84909e+06
1.64263 -5.71605e+06
1.6665 -5.58672e+06
1.69071 -5.461e+06
1.71528 -5.33877e+06
1.74021 -5.21993e+06
1.7655 -5.1044e+06
1.79115 -4.99206e+06
1.81718 -4.88283e+06
1.84359 -4.77662e+06
1.87038 -4.67334e+06
1.89756 -4.5729e+06
1.92513 -4.47523e+06
1.95311 -4.38023e+06
1.98149 -4.28783e+06
2.01029 -4.19796e+06
2.0395 -4.11054e+06
2.06914 -4.0255e+06
2.09921 -3.94276e+06
2.12971 -3.86227e+06
2.16066 -3.78394e+06
2.19206 -3.70773e+06
2.22391 -3.63356e+06
2.25623 -3.56137e+06
2.28902 -3.49112e+06
2.32228 -3.42272e+06
2.35603 -3.35615e+06
2.39027 -3.29132e+06
2.425 -3.2282e+06
2.46024 -3.16674e+06
2.49599 -3.10688e+06
2.53226 -3.04857e+06
2.56906 -2.99176e+06
2.60639 -2.93642e+06
2.64427 -2.88249e+06
2.6827 -2.82994e+06
2.72168 -2.77871e+06
2.76123 -2.72877e+06
2.80136 -2.68008e+06
2.84207 -2.6326e+06
2.88337 -2.58629e+06
2.92527 -2.54111e+06
2.96778 -2.49704e+06
3.0109 -2.45402e+06
3.05466 -2.41204e+06
3.09905 -2.37106e+06
3.14408 -2.33104e+06
3.18977 -2.29195e+06
3.23612 -2.25377e+06
3.28315 -2.21646e+06
3.33086 -2.18e+06
3.37926 -2.14436e+06
3.42837 -2.10951e+06
3.47819 -2.07542e+06
3.52874 -2.04208e+06
3.58001 -2.00945e+06
3.63204 -1.97751e+06
3.68482 -1.94624e+06
3.73837 -1.91562e+06
3.79269 -1.88562e+06
3.8478 -1.85622e+06
3.90372 -1.82741e+06
3.96045 -1.79916e+06
4.018 -1.77145e+06
4.07639 -1.74427e+06
4.13563 -1.7176e+06
4.19573 -1.69141e+06
4.2567 -1.6657e+06
4.31855 -1.64044e+06
4.38131 -1.61563e+06
4.44498 -1.59124e+06
4.50957 -1.56726e+06
4.5751 -1.54367e+06
4.64159 -1.52047e+06
4.70904 -1.49764e+06
4.77747 -1.47516e+06
4.8469 -1.45303e+06
4.91733 -1.43124e+06
4.98879 -1.40976e+06
5.06128 -1.3886e+06
5.13483 -1.36773e+06
5.20945 -1.34716e+06
5.28515 -1.32687e+06
5.36196 -1.30684e+06
5.43988 -1.28709e+06
5.51893 -1.26759e+06
5.59913 -1.24833e+06
5.68049 -1.22932e+06
5.76304 -1.21053e+06
5.84679 -1.19198e+06
5.93175 -1.17364e+06
6.01795 -1.15552e+06
6.1054 -1.1376e+06
6.19412 -1.11989e+06
6.28414 -1.10238e+06
6.37546 -1.08506e+06
6.4681 -1.06792e+06
6.5621 -1.05098e+06
6.65746 -1.03421e+06
6.7542 -1.01762e+06
6.85235 -1.0012e+06
6.95193 -984960
7.05295 -968884
7.15544 -952974
7.25943 -937228
7.36492 -921644
7.47194 -906219
7.58052 -890952
7.69068 -875843
7.80244 -860888
7.91583 -846089
8.03086 -831442
8.14756 -816948
8.26596 -802607
8.38608 -788416
8.50794 -774377
8.63158 -760489
8.75701 -746751
8.88427 -733164
9.01337 -719727
9.14435 -706440
9.27723 -693305
9.41205 -680319
9.54882 -667485
9.68759 -654802
9.82836 -642270
9.97119 -629890
10.1161 -617662
10.2631 -605586
10.4122 -593663
10.5635 -581892
10.717 -570274
10.8728 -558810
11.0308 -547499
11.1911 -536343
11.3537 -525339
11.5187 -514491
11.6861 -503796
11.8559 -493255
12.0282 -482869
12.203 -472636
12.3803 -462558
12.5602 -452633
12.7427 -442863
12.9279 -433245
13.1158 -423781
13.3064 -414469
13.4998 -405309
13.6959 -396301
13.895 -387444
14.0969 -378737
14.3017 -370180
14.5096 -361772
14.7204 -353512
14.9343 -345399
15.1513 -337432
15.3715 -329611
15.5949 -321933
15.8215 -314399
16.0514 -307007
16.2847 -299755
16.5213 -292643
16.7614 -285669
17.005 -278832
17.2521 -272130
17.5028 -265562
17.7572 -259126
18.0152 -252821
18.277 -246646
18.5426 -240599
18.812 -234677
19.0854 -228881
19.3628 -223207
19.6441 -217655
19.9296 -212222
20.2192 -206907
20.513 -201708
20.8111 -196624
21.1136 -191652
21.4204 -186792
21.7317 -182040
22.0475 -177396
22.3678 -172857
22.6929 -168422
23.0227 -164090
23.3572 -159857
23.6966 -155723
24.041 -151686
24.3904 -147743
24.7448 -143894
25.1044 -140137
25.4692 -136469
25.8393 -132889
26.2148 -129396
26.5957 -125987
26.9822 -122661
27.3743 -119416
27.7721 -116251
28.1757 -113163
28.5851 -110153
29.0005 -107217
29.422 -104354
29.8495 -101562
30.2833 -98840.9
30.7234 -96188.2
31.1698 -93602.5
31.6228 -91082.3
32.0823 -88626.2
32.5485 -86232.8
33.0215 -83900.7
33.5014 -81628.4
33.9882 -79414.6
34.4821 -77257.9
34.9832 -75157.1
35.4916 -73110.8
36.0073 -71117.7
36.5306 -69176.6
37.0614 -67286.2
37.6 -65445.4
38.1464 -63652.9
38.7007 -61907.6
39.2631 -60208.4
39.8337 -58554.1
40.4126 -56943.6
40.9998 -55375.9
41.5956 -53849.8
42.2001 -52364.4
42.8133 -50918.7
43.4355 -49511.6
44.0667 -48142.2
44.707 -46809.6
45.3567 -45512.8
46.0158 -44250.9
46.6845 -43023
47.3629 -41828.3
48.0512 -40665.9
48.7495 -39535
49.4579 -38434.7
50.1766 -37364.4
50.9058 -36323.1
51.6455 -35310.2
52.396 -34324.8
53.1574 -33366.4
53.9299 -32434.2
54.7136 -31527.5
55.5087 -30645.6
56.3153 -29787.8
57.1337 -28953.7
57.9639 -28142.4
58.8063 -27353.4
59.6608 -26586.2
60.5278 -25840.1
61.4074 -25114.6
62.2997 -24409.1
63.2051 -23723
64.1235 -23056
65.0554 -22407.4
66.0008 -21776.8
66.9599 -21163.6
67.9329 -20567.5
68.9201 -19987.9
69.9216 -19424.4
70.9377 -18876.5
71.9686 -18343.9
73.0144 -17826.1
74.0754 -17322.7
75.1519 -16833.4
76.244 -16357.7
77.3519 -15895.3
78.476 -15445.7
79.6164 -15008.8
80.7734 -14584
81.9471 -14171.1
83.138 -13769.8
84.3461 -13379.6
85.5718 -13000.5
86.8153 -12631.9
88.0769 -12273.7
89.3568 -11925.5
90.6554 -11587
91.9727 -11258.1
93.3093 -10938.4
94.6652 -10627.7
96.0409 -10325.7
97.4365 -10032.1
98.8525 -9746.89
100.289 -9469.65
101.746 -9200.2
103.225 -8938.34
104.725 -8683.85
106.247 -8436.52
107.791 -8196.15
109.357 -7962.57
110.946 -7735.56
112.559 -7514.96
114.194 -7300.59
115.854 -7092.26
117.537 -6889.8
119.245 -6693.07
120.978 -6501.89
122.736 -6316.1
124.52 -6135.57
126.329 -5960.13
128.165 -5789.65
130.027 -5624
131.917 -5463.02
133.834 -5306.6
135.779 -5154.6
137.752 -5006.9
139.754 -4863.38
141.785 -4723.92
143.845 -4588.41
145.935 -4456.73
148.056 -4328.78
150.208 -4204.46
152.39 -4083.66
154.605 -3966.28
156.852 -3852.23
159.131 -3741.4
161.443 -3633.72
163.789 -3529.1
166.17 -3427.44
168.584 -3328.66
171.034 -3232.68
173.52 -3139.43
176.041 -3048.82
178.599 -2960.78
181.195 -2875.24
183.828 -2792.13
186.499 -2711.38
189.209 -2632.92
191.959 -2556.68
194.748 -2482.62
197.578 -2410.65
200.45 -2340.73
203.362 -2272.8
206.318 -2206.8
209.316 -2142.67
212.358 -2080.37
215.443 -2019.83
218.574 -1961.02
221.751 -1903.88
224.973 -1848.36
228.242 -1794.43
231.559 -1742.02
234.924 -1691.11
238.338 -1641.65
241.801 -1593.59
245.315 -1546.9
248.88 -1501.54
252.497 -1457.47
256.166 -1414.66
259.888 -1373.06
263.665 -1332.65
267.497 -1293.39
271.384 -1255.25
275.328 -1218.2
279.329 -1182.2
283.388 -1147.23
287.506 -1113.25
291.684 -1080.25
295.922 -1048.18
300.223 -1017.03
304.586 -986.769
309.012 -957.371
313.502 -928.812
318.058 -901.068
322.68 -874.117
327.369 -847.935
332.126 -822.502
336.953 -797.796
341.849 -773.796
346.817 -750.482
351.857 -727.836
356.97 -705.838
362.157 -684.47
367.42 -663.714
372.759 -643.553
378.176 -623.97
383.672 -604.949
389.247 -586.474
394.904 -568.531
400.642 -551.103
406.464 -534.177
412.371 -517.738
418.364 -501.773
424.443 -486.269
430.611 -471.213
436.869 -456.593
443.217 -442.395
449.658 -428.61
456.192 -415.226
462.822 -402.231
469.547 -389.615
476.371 -377.367
483.293 -365.479
490.316 -353.939
497.441 -342.74
504.67 -331.871
512.004 -321.324
519.444 -311.092
526.993 -301.165
534.651 -291.535
542.42 -282.197
550.303 -273.142
558.299 -264.363
566.413 -255.855
574.643 -247.61
582.994 -239.625
591.466 -231.898
600.061 -224.407
608.781 -217.152
617.628 -210.129
626.603 -203.333
635.709 -196.76
644.947 -190.406
654.319 -184.267
663.827 -178.338
673.474 -172.617
683.261 -167.098
693.19 -161.779
703.263 -156.656
713.483 -151.726
723.851 -146.986
734.37 -142.433
745.041 -138.064
755.868 -133.875
766.852 -129.865
777.996 -126.03
789.302 -122.366
800.772 -118.872
812.408 -115.544
824.214 -112.38
836.192 -109.386
848.343 -106.531
860.671 -103.815
873.178 -101.236
885.867 -98.7892
898.74 -96.47
911.8 -94.2719
925.05 -92.1882
938.493 -90.2119
952.131 -88.3355
965.967 -86.5513
980.005 -84.8515
994.246 -83.2279
1008.69 -81.6726
1023.35 -80.1779
1038.22 -78.7364
1053.31 -77.3414
1068.62 -75.9876
1084.15 -74.679
1099.9 -73.3856
1115.88 -72.0998
1132.1 -70.8225
1148.55 -69.5512
1165.24 -68.2836
1182.17 -67.0176
1199.35 -65.7518
1216.78 -64.4851
1234.46 -63.2173
1252.4 -61.9485
1270.6 -60.6794
1289.07 -59.4113
1307.8 -58.1464
1326.8 -56.8884
1346.09 -55.6484
1365.65 -54.3976
1385.49 -53.1449
1405.63 -51.8955
1426.05 -50.6524
1446.78 -49.418
1467.8 -48.1945
1489.13 -46.9839
1510.77 -45.7879
1532.72 -44.6086
1555 -43.4478
1577.59 -42.3081
1600.52 -41.1966
1623.78 -40.1059
1647.37 -39.0232
1671.31 -37.9569
1695.6 -36.9094
1720.24 -35.8818
1745.24 -34.8752
1770.6 -33.8902
1796.33 -32.9277
1822.43 -31.9885
1848.92 -31.0739
1875.78 -30.1907
1903.04 -29.3245
1930.7 -28.4729
1958.75 -27.6397
1987.22 -26.826
2016.1 -26.0322
2045.39 -25.2585
2075.12 -24.5051
2105.27 -23.7726
2135.87 -23.0618
2166.9 -22.3771
2198.39 -21.7043
2230.34 -21.0461
2262.75 -20.404
2295.63 -19.7783
2328.99 -19.1692
2362.84 -18.5768
2397.17 -18.0011
2432.01 -17.4429
2467.35 -16.9046
2503.2 -16.3762
2539.58 -15.8602
2576.48 -15.3572
2613.93 -14.8674
2651.91 -14.3909
2690.45 -13.9275
2729.54 -13.4777
2769.21 -13.0432
2809.45 -12.6183
2850.28 -12.2032
2891.7 -11.7986
2933.72 -11.4044
2976.35 -11.0208
3019.6 -10.6476
3063.48 -10.2849
3108 -9.93384
3153.17 -9.59041
3198.99 -9.25513
3245.47 -8.92827
3292.64 -8.60981
3340.48 -8.29967
3389.03 -7.99777
3438.28 -7.70426
3488.24 -7.4191
3538.93 -7.14006
3590.36 -6.8678
3642.53 -6.6023
3695.47 -6.34348
3749.17 -6.09124
3803.65 -5.84551
3858.92 -5.60658
3915 -5.37309
3971.89 -5.14506
4029.61 -4.9225
4088.17 -4.70532
4147.58 -4.49343
4207.85 -4.28672
4269 -4.08514
4331.03 -3.88863
4393.97 -3.69643
4457.82 -3.50867
4522.6 -3.32527
4588.32 -3.14613
4655 -2.97115
4722.65 -2.80024
4791.28 -2.63334
4860.9 -2.47029
4931.54 -2.31077
5003.2 -2.15478
5075.91 -2.00225
5149.67 -1.85308
5224.5 -1.70719
5300.43 -1.56448
5377.45 -1.4249
5455.59 -1.28838
5534.87 -1.15471
5615.31 -1.02384
5696.91 -0.895712
5779.69 -0.770256
5863.68 -0.647398
5948.89 -0.527071
6035.34 -0.409206
6123.04 -0.293741
6212.02 -0.180627
6302.3 -0.0697655
6393.88 0.0389039
6486.79 0.145431
6581.06 0.249869
6676.69 0.352271
6773.72 0.452687
6872.15 0.551167
6972.02 0.647759
7073.33 0.742508
7176.12 0.835457
7280.4 0.926647
7386.2 1.01612
7493.53 1.10393
7602.43 1.1901
7712.91 1.27468
7824.99 1.35769
7938.7 1.43916
8054.06 1.51914
8171.1 1.59766
8289.84 1.67473
8410.31 1.7504
8532.53 1.82468
8656.52 1.89761
8782.32 1.96921
8909.94 2.03951
9039.42 2.10853
9170.77 2.17629
9304.04 2.24282
9439.25 2.30813
9576.42 2.37225
9715.58 2.43519
9856.76 2.49698
10000 2.55764
